4843235.028	570760.2959	11	4/1/2010 9:30	100002	151.8
4843235.748	570758.0091	11	4/1/2010 9:30	100003	149.7
4843235.748	570758.0091	11	4/1/2010 9:30	100004	149.3
4843235.56	570758.14	11	4/1/2010 9:30	100005	150.2
4843235.194	570758.1439	11	4/1/2010 9:30	100006	146.4
4843234.269	570757.8879	11	4/1/2010 9:31	100007	147.6
4843233.159	570757.8997	11	4/1/2010 9:31	100008	146.4
4843231.855	570757.5108	11	4/1/2010 9:31	100009	146.4
4843229.451	570758.0759	11	4/1/2010 9:31	100010	144.1
4843227.604	570758.9008	11	4/1/2010 9:31	100011	150.2
4843227.431	570759.3054	11	4/1/2010 9:31	100012	144.5
4843226.873	570759.0375	11	4/1/2010 9:31	100013	149.8
4843226.51	570759.444	11	4/1/2010 9:31	100014	144.9
4843225.217	570759.9973	11	4/1/2010 9:31	100015	135.3
4843223.923	570760.5506	11	4/1/2010 9:31	100016	127.3
4843223.92	570760.2768	11	4/1/2010 9:31	100017	119.3
4843223.011	570761.4944	11	4/1/2010 9:31	100018	109.9
4843222.46	570761.903	11	4/1/2010 9:31	100019	102.3
4843221.349	570761.9147	11	4/1/2010 9:31	100020	95.5
4843221.531	570762.3155	11	4/1/2010 9:31	100021	91.3
4843221.175	570762.1904	11	4/1/2010 9:31	100022	90.8
4843220.797	570762.1944	11	4/1/2010 9:31	100023	91
4843220.431	570762.1983	11	4/1/2010 9:31	100024	93.6
4843219.874	570762.0673	11	4/1/2010 9:31	100025	91
4843218.405	570762.8882	11	4/1/2010 9:31	100026	94.3
4843217.658	570762.6304	11	4/1/2010 9:31	100027	97.1
4843215.805	570762.7789	11	4/1/2010 9:31	100028	92
4843214.698	570763.1933	11	4/1/2010 9:31	100029	98.3
4843214.16	570763.7386	11	4/1/2010 9:31	100030	106.1
4843213.788	570764.2821	11	4/1/2010 9:31	100031	99.2
4843213.606	570764.9525	11	4/1/2010 9:31	100032	100.5
4843213.058	570765.6267	11	4/1/2010 9:31	100033	104.7
4843212.129	570766.0393	11	4/1/2010 9:31	100034	94.1
4843211.585	570766.045	11	4/1/2010 9:31	100035	109.4
4843211.222	570766.3227	11	4/1/2010 9:31	100036	104.7
4843210.844	570766.3267	11	4/1/2010 9:31	100037	102.1
4843210.292	570766.5983	11	4/1/2010 9:31	100038	87.2
4843209.385	570768.0817	11	4/1/2010 9:31	100039	89.9
4843209.205	570768.889	11	4/1/2010 9:31	100040	88.9
4843209.032	570769.2935	11	4/1/2010 9:31	100041	97.7
4843208.841	570769.1667	11	4/1/2010 9:31	100042	91.8
4843207.723	570769.4443	11	4/1/2010 9:31	100043	94.3
4843206.434	570769.458	11	4/1/2010 9:31	100044	91.6
4843206.071	570769.7276	11	4/1/2010 9:31	100045	84.4
4843204.964	570770.142	11	4/1/2010 9:31	100046	76.12
4843203.668	570770.4296	11	4/1/2010 9:31	100047	95.4
4843201.436	570769.511	11	4/1/2010 9:31	100048	101.3
4843197.724	570769.2846	11	4/1/2010 9:31	100049	105.8
4843195.692	570769.3061	11	4/1/2010 9:31	100050	105
4843196.066	570769.0283	11	4/1/2010 9:31	100051	108.1
4843195.88	570769.3041	11	4/1/2010 9:31	100052	103.9
4843195.88	570769.3041	11	4/1/2010 9:31	100053	100.2
4843195.88	570769.3041	11	4/1/2010 9:31	100054	103.2
4843195.693	570769.435	11	4/1/2010 9:31	100055	85.3
4843195.693	570769.435	11	4/1/2010 9:31	100056	91.3
4843194.963	570769.7165	11	4/1/2010 9:31	100057	94.8
4843194.033	570769.9922	11	4/1/2010 9:31	100058	138.2
4843193.293	570770.4027	11	4/1/2010 9:31	100059	107.7
4843192.046	570774.3057	11	4/1/2010 9:31	100060	96.3
4843191.305	570774.5874	11	4/1/2010 9:31	100061	95.6
4843190.574	570774.8609	11	4/1/2010 9:31	100062	104.8
4843189.829	570774.7319	11	4/1/2010 9:32	100063	109
4843188.54	570774.7456	11	4/1/2010 9:32	100064	107.7
4843187.609	570774.8924	11	4/1/2010 9:32	100065	109.7
4843186.877	570775.0371	11	4/1/2010 9:32	100066	115.4
4843185.946	570775.1758	11	4/1/2010 9:32	100067	106.7
4843184.84	570775.5902	11	4/1/2010 9:32	100068	117.7
4843184.287	570775.8699	11	4/1/2010 9:32	100069	116.1
4843183.371	570776.4111	11	4/1/2010 9:32	100070	109.9
4843182.633	570776.9585	11	4/1/2010 9:32	100071	112
4843181.893	570777.3691	11	4/1/2010 9:32	100072	116
4843181.165	570777.9164	11	4/1/2010 9:32	100073	111.2
4843180.06	570778.4596	11	4/1/2010 9:32	100074	117.4
4843177.652	570778.6221	11	4/1/2010 9:32	100075	124.6
4843178.027	570778.3523	11	4/1/2010 9:32	100076	112.6
4843176.909	570778.7669	11	4/1/2010 9:32	100077	110.9
4843175.99	570779.0424	11	4/1/2010 9:32	100078	95.1
4843174.52	570779.7264	11	4/1/2010 9:32	100079	88.7
4843173.59	570780.0101	11	4/1/2010 9:32	100080	75.44
4843172.493	570780.2875	11	4/1/2010 9:32	100081	73.01
4843171.374	570780.5651	11	4/1/2010 9:32	100082	71.38
4843170.643	570780.7098	11	4/1/2010 9:32	100083	74.09
4843168.415	570781.1361	11	4/1/2010 9:32	100084	78.7
4843166.024	570781.9668	11	4/1/2010 9:32	100085	77.61
4843166.029	570782.3695	11	4/1/2010 9:32	100086	68.4
4843166.031	570782.6352	11	4/1/2010 9:32	100087	68.27
4843165.845	570782.911	11	4/1/2010 9:32	100088	70.57
4843165.302	570783.9879	11	4/1/2010 9:32	100089	83.8
4843164.749	570784.2595	11	4/1/2010 9:32	100090	74.5
4843164.011	570784.8069	11	4/1/2010 9:32	100091	58.92
4843163.469	570785.0784	11	4/1/2010 9:32	100092	59.32
4843162.729	570785.489	11	4/1/2010 9:32	100093	75.04
4843161.81	570785.7725	11	4/1/2010 9:32	100094	74.5
4843161.071	570786.1831	11	4/1/2010 9:32	100095	70.57
4843160.52	570786.5916	11	4/1/2010 9:32	100096	69.89
4843160.157	570786.9981	11	4/1/2010 9:32	100097	76.39
4843159.238	570787.2736	11	4/1/2010 9:32	100098	71.65
4843158.311	570787.823	11	4/1/2010 9:32	100099	72.87
4843154.249	570788.1319	11	4/1/2010 9:32	100100	56.34
4843153.14	570788.2806	11	4/1/2010 9:32	100101	69.89
4843153.137	570788.0068	11	4/1/2010 9:32	100102	78.02
4843152.571	570788.0128	11	4/1/2010 9:32	100103	80.9
4843151.085	570787.2232	11	4/1/2010 9:32	100104	83.4
4843150.528	570787.1002	11	4/1/2010 9:32	100105	78.15
4843145.546	570788.6269	11	4/1/2010 9:32	100106	83.4
4843145.365	570788.363	11	4/1/2010 9:32	100107	92.2
4843144.623	570788.4998	11	4/1/2010 9:32	100108	90.6
4843144.056	570788.5058	11	4/1/2010 9:32	100109	93.1
4843143.322	570788.3847	11	4/1/2010 9:32	100110	90.2
4843142.767	570788.3906	11	4/1/2010 9:32	100111	99.7
4843142.211	570788.3965	11	4/1/2010 9:32	100112	93.7
4843141.461	570787.8649	11	4/1/2010 9:32	100113	85.2
4843140.731	570788.1384	11	4/1/2010 9:32	100114	90.2
4843140.354	570788.1424	11	4/1/2010 9:32	100115	92.5
4843140.176	570788.1443	11	4/1/2010 9:32	100116	94.5
4843139.987	570788.1463	11	4/1/2010 9:32	100117	94.3
4843139.053	570788.0273	11	4/1/2010 9:32	100118	88.7
4843137.576	570788.043	11	4/1/2010 9:33	100119	98.3
4843134.978	570787.1283	11	4/1/2010 9:33	100120	99.2
4843132.565	570786.8881	11	4/1/2010 9:33	100121	112.2
4843131.278	570787.0306	11	4/1/2010 9:33	100122	98.2
4843130.728	570787.576	11	4/1/2010 9:33	100123	97.1
4843129.802	570787.1832	11	4/1/2010 9:33	100124	98.2
4843128.678	570786.9294	11	4/1/2010 9:33	100125	98.5
4843127.934	570786.9372	11	4/1/2010 9:33	100126	89.7
4843126.828	570786.4094	11	4/1/2010 9:33	100127	81.3
4843125.895	570786.4193	11	4/1/2010 9:33	100128	85.3
4843125.529	570786.4232	11	4/1/2010 9:33	100129	83.4
4843124.796	570786.4309	11	4/1/2010 9:33	100130	81.5
4843123.697	570787.5137	11	4/1/2010 9:33	100131	73.96
4843123.517	570789.4002	11	4/1/2010 9:33	100132	69.89
4843122.777	570789.8107	11	4/1/2010 9:33	100133	68.67
4843122.233	570789.8165	11	4/1/2010 9:33	100134	66.51
4843121.866	570789.8204	11	4/1/2010 9:33	100135	67.39
4843121.314	570790.092	11	4/1/2010 9:33	100136	62.44
4843120.572	570790.3656	11	4/1/2010 9:33	100137	63.39
4843120.017	570790.3715	11	4/1/2010 9:33	100138	59.73
4843119.831	570790.6473	11	4/1/2010 9:33	100139	51.6
4843119.832	570790.7762	11	4/1/2010 9:33	100140	44.29
4843119.653	570790.6492	11	4/1/2010 9:33	100141	52.82
4843119.463	570790.5143	11	4/1/2010 9:33	100142	48.08
4843119.463	570790.5143	11	4/1/2010 9:33	100143	50.65
4843119.274	570790.5163	11	4/1/2010 9:33	100144	49.16
4843119.274	570790.5163	11	4/1/2010 9:33	100145	52.55
4843119.086	570790.5183	11	4/1/2010 9:33	100146	51.6
4843118.73	570790.5221	11	4/1/2010 9:33	100147	55.12
4843117.983	570790.2642	11	4/1/2010 9:33	100148	61.9
4843116.868	570789.8734	11	4/1/2010 9:33	100149	50.92
4843115.946	570789.8832	11	4/1/2010 9:33	100150	69.89
4843114.647	570789.8969	11	4/1/2010 9:33	100151	66.64
4843110.927	570787.923	11	4/1/2010 9:33	100152	56.61
4843104.976	570786.1016	11	4/1/2010 9:33	100153	49.03
4843104.797	570785.9746	11	4/1/2010 9:33	100154	50.65
4843103.863	570785.8476	11	4/1/2010 9:33	100155	75.11
4843102.561	570785.5957	11	4/1/2010 9:33	100156	81.5
4843097.76	570785.3728	11	4/1/2010 9:33	100157	83.8
4843096.826	570785.2538	11	4/1/2010 9:33	100158	85.7
4843096.269	570785.1228	11	4/1/2010 9:33	100159	78.02
4843095.891	570785.1268	11	4/1/2010 9:33	100160	72.87
4843090.554	570787.7364	11	4/1/2010 9:33	100161	48.49
4843090.376	570787.7383	11	4/1/2010 9:33	100162	48.49
4843090.378	570787.8672	11	4/1/2010 9:33	100163	42.8
4843090.189	570787.8692	11	4/1/2010 9:33	100164	48.08
4843089.632	570787.7462	11	4/1/2010 9:33	100165	57.02
4843086.854	570787.6388	11	4/1/2010 9:33	100166	64.88
4843085.766	570789.8006	11	4/1/2010 9:33	100167	57.7
4843083.893	570789.144	11	4/1/2010 9:33	100168	55.4
4843083.353	570789.5524	11	4/1/2010 9:33	100169	63.53
4843082.429	570789.2965	11	4/1/2010 9:33	100170	60.54
4843081.692	570789.9727	11	4/1/2010 9:33	100171	52.15
4843081.132	570789.576	11	4/1/2010 9:33	100172	46.73
4843080.768	570789.8537	11	4/1/2010 9:33	100173	49.03
4843080.77	570789.9825	11	4/1/2010 9:33	100174	39.55
4843080.77	570789.9825	11	4/1/2010 9:34	100175	34.4
4843080.948	570789.9806	11	4/1/2010 9:34	100176	44.22
4843080.948	570789.9806	11	4/1/2010 9:34	100177	49.84
4843080.948	570789.9806	11	4/1/2010 9:34	100178	55.67
4843080.77	570789.9825	11	4/1/2010 9:34	100179	58.92
4843080.77	570789.9825	11	4/1/2010 9:34	100180	58.11
4843080.202	570789.8597	11	4/1/2010 9:34	100181	59.33
4843079.277	570789.5957	11	4/1/2010 9:34	100182	61.36
4843075.191	570788.7048	11	4/1/2010 9:34	100183	67.05
4843074.09	570788.5795	11	4/1/2010 9:34	100184	78.02
4843072.804	570788.7301	11	4/1/2010 9:34	100185	78.7
4843071.29	570786.3301	11	4/1/2010 9:34	100186	75.99
4843069.798	570786.0721	11	4/1/2010 9:34	100187	62.71
4843070.911	570786.1972	11	4/1/2010 9:34	100188	72.2
4843070.366	570786.203	11	4/1/2010 9:34	100189	66.23
4843069.435	570786.3497	11	4/1/2010 9:34	100190	71.79
4843069.252	570786.8832	11	4/1/2010 9:34	100191	72.47
4843069.441	570786.8812	11	4/1/2010 9:34	100192	72.4
4843069.807	570786.8773	11	4/1/2010 9:34	100193	73.82
4843069.071	570786.6194	11	4/1/2010 9:34	100194	71.52
4843060.358	570786.1722	11	4/1/2010 9:34	100195	61.09
4843057.025	570786.0787	11	4/1/2010 9:34	100196	57.83
4843055.735	570785.9555	11	4/1/2010 9:34	100197	57.7
4843054.061	570785.1679	11	4/1/2010 9:34	100198	58.78
4843053.502	570784.908	11	4/1/2010 9:34	100199	58.1
4843053.502	570784.908	11	4/1/2010 9:34	100200	53.5
4843053.123	570784.7751	11	4/1/2010 9:34	100201	57.56
4843052.946	570784.777	11	4/1/2010 9:34	100202	57.16
4843052.757	570784.779	11	4/1/2010 9:34	100203	49.84
4843052.569	570784.9179	11	4/1/2010 9:34	100204	38.19
4843052.204	570785.0506	11	4/1/2010 9:34	100205	49.84
4843051.649	570785.0565	11	4/1/2010 9:34	100206	54.04
4843051.281	570784.9316	11	4/1/2010 9:34	100207	46.73
4843051.088	570784.5309	11	4/1/2010 9:34	100208	54.99
4843050.347	570784.8046	11	4/1/2010 9:34	100209	57.83
4843048.688	570785.4906	11	4/1/2010 9:34	100210	65.02
4843048.32	570785.3657	11	4/1/2010 9:34	100211	57.7
4843047.952	570785.2327	11	4/1/2010 9:34	100212	52.96
4843047.025	570784.7029	11	4/1/2010 9:34	100213	50.25
4843046.455	570784.4432	11	4/1/2010 9:34	100214	56.34
4843045.899	570784.3122	11	4/1/2010 9:34	100215	51.33
4843045.161	570783.9173	11	4/1/2010 9:34	100216	61.76
4843044.224	570783.5246	11	4/1/2010 9:34	100217	56.21
4843044.045	570783.3976	11	4/1/2010 9:34	100218	68.33
4843043.485	570783.0008	11	4/1/2010 9:34	100219	67.86
4843042.564	570783.0106	11	4/1/2010 9:34	100220	80.1
4843039.404	570782.5045	11	4/1/2010 9:34	100221	88.3
4843039.212	570782.2408	11	4/1/2010 9:34	100222	92
4843038.476	570781.9748	11	4/1/2010 9:34	100223	89
4843037.912	570781.1754	11	4/1/2010 9:34	100224	87.8
4843038.279	570781.1715	11	4/1/2010 9:34	100225	80.2
4843037.731	570781.8538	11	4/1/2010 9:34	100226	81
4843036.065	570781.8715	11	4/1/2010 9:34	100227	74.64
4843034.575	570780.6793	11	4/1/2010 9:34	100228	78.43
4843033.275	570780.693	11	4/1/2010 9:34	100229	72.33
4843033.279	570781.0957	11	4/1/2010 9:34	100230	74.5
4843032.721	570780.8278	11	4/1/2010 9:34	100231	77.21
4843032.727	570781.3673	11	4/1/2010 9:34	100232	75.72
4843031.231	570779.6355	11	4/1/2010 9:34	100233	82.1
4843031.048	570780.1771	11	4/1/2010 9:34	100234	85.7
4843030.682	570780.1809	11	4/1/2010 9:35	100235	82.9
4843029.745	570779.7882	11	4/1/2010 9:35	100236	72.6
4843029.185	570779.3915	11	4/1/2010 9:35	100237	68.4
4843029.378	570779.7921	11	4/1/2010 9:35	100238	81.8
4843028.821	570779.6611	11	4/1/2010 9:35	100239	87.6
4843026.983	570780.2202	11	4/1/2010 9:35	100240	97.7
4843026.986	570780.4859	11	4/1/2010 9:35	100241	106.2
4843026.056	570780.7696	11	4/1/2010 9:35	100242	112.3
4843025.119	570780.3769	11	4/1/2010 9:35	100243	118.4
4843023.451	570779.1865	11	4/1/2010 9:35	100244	125
4843020.469	570777.6074	11	4/1/2010 9:35	100245	133.8
4843017.678	570776.292	11	4/1/2010 9:35	100246	137.3
4843015.099	570777.1247	11	4/1/2010 9:35	100247	139.4
4843015.833	570777.2539	11	4/1/2010 9:35	100248	131.9
4843015.658	570777.5215	11	4/1/2010 9:35	100249	112.6
4843015.289	570778.3308	11	4/1/2010 9:35	100250	111.3
4843013.992	570777.5392	11	4/1/2010 9:35	100251	101.2
4843014.169	570777.4004	11	4/1/2010 9:35	100252	112.1
4843012.507	570776.7495	11	4/1/2010 9:35	100253	102
4843012.324	570777.2911	11	4/1/2010 9:35	100254	80.7
4843011.578	570777.1621	11	4/1/2010 9:35	100255	79.17
4843011.579	570777.299	11	4/1/2010 9:35	100256	65.83
4843011.023	570777.168	11	4/1/2010 9:35	100257	41.44
4843010.467	570777.1739	11	4/1/2010 9:35	100258	38.06
4843009.72	570776.916	11	4/1/2010 9:35	100259	30.33
4843008.984	570776.65	11	4/1/2010 9:35	100260	31.21
4843007.874	570776.6618	11	4/1/2010 9:35	100261	37.65
4843006.752	570776.6737	11	4/1/2010 9:35	100262	40.22
4843005.833	570776.9572	11	4/1/2010 9:35	100263	35.35
4843004.913	570777.0959	11	4/1/2010 9:35	100264	43.07
4843003.074	570778.5973	11	4/1/2010 9:35	100265	58.78
4842998.272	570779.3166	11	4/1/2010 9:35	100266	60.14
4842999.023	570779.9771	11	4/1/2010 9:35	100267	69.35
4842998.282	570780.2588	11	4/1/2010 9:35	100268	78.56
4842997.726	570780.2647	11	4/1/2010 9:35	100269	83.8
4842996.992	570780.1356	11	4/1/2010 9:35	100270	92.8
4842996.251	570780.4092	11	4/1/2010 9:35	100271	111.1
4842995.144	570780.8237	11	4/1/2010 9:35	100272	99.4
4842994.037	570781.1092	11	4/1/2010 9:35	100273	105.5
4842992.915	570781.1211	11	4/1/2010 9:35	100274	108.6
4842991.814	570780.9959	11	4/1/2010 9:35	100275	108.1
4842990.139	570780.2083	11	4/1/2010 9:35	100276	106.7
4842989.205	570780.0813	11	4/1/2010 9:35	100277	108.1
4842996.446	570903.3637	11	4/1/2010 9:35	100278	87.2
4842999.229	570904.0026	11	4/1/2010 9:35	100279	83.9
4842998.137	570905.7618	11	4/1/2010 9:35	100280	86
4842995.378	570907.4019	11	4/1/2010 9:35	100281	102
4842997.058	570908.729	11	4/1/2010 9:35	100282	112.1
4842995.764	570909.2743	11	4/1/2010 9:35	100283	115.9
4842995.579	570908.6078	11	4/1/2010 9:35	100284	83.7
4842994.84	570909.0184	11	4/1/2010 9:35	100285	101.9
4842995.395	570909.0125	11	4/1/2010 9:35	100286	94.8
4842995.03	570910.2244	11	4/1/2010 9:35	100287	93.1
4842994.486	570911.3013	11	4/1/2010 9:35	100288	87.9
4842995.037	570910.8928	11	4/1/2010 9:35	100289	90.5
4842994.306	570912.1086	11	4/1/2010 9:35	100290	95.4
4842994.9	570914.6553	11	4/1/2010 9:35	100291	96.3
4842994.522	570914.6594	11	4/1/2010 9:36	100292	102.3
4842993.8	570915.7382	11	4/1/2010 9:36	100293	106
4842997.317	570916.3773	11	4/1/2010 9:36	100294	96.1
4842996.598	570917.7219	11	4/1/2010 9:36	100295	103.2
4842997.901	570919.053	11	4/1/2010 9:36	100296	94.4
4842997.902	570919.1899	11	4/1/2010 9:36	100297	97.4
4842997.729	570919.5944	11	4/1/2010 9:36	100298	94.7
4842997.353	570919.7273	11	4/1/2010 9:36	100299	93.1
4842999.044	570921.0543	11	4/1/2010 9:36	100300	90.4
4843000.173	570922.79	11	4/1/2010 9:36	100301	83.2
4842999.997	570923.9999	11	4/1/2010 9:36	100302	102.8
4843001.676	570925.1901	11	4/1/2010 9:36	100303	106.2
4843001.858	570925.5909	11	4/1/2010 9:36	100304	95.4
4843002.241	570926.1183	11	4/1/2010 9:36	100305	93
4843001.703	570927.7348	11	4/1/2010 9:36	100306	97.3
4843000.603	570928.6888	11	4/1/2010 9:36	100307	101.1
4843000.418	570929.0934	11	4/1/2010 9:36	100308	100.1
4843000.437	570930.8409	11	4/1/2010 9:36	100309	97.7
4843000.073	570931.1105	11	4/1/2010 9:36	100310	97
4843000.644	570932.5783	11	4/1/2010 9:36	100311	109.3
4842998.793	570933.0007	11	4/1/2010 9:36	100312	93.2
4842998.619	570933.2764	11	4/1/2010 9:36	100313	86.4
4842999.184	570934.2046	11	4/1/2010 9:36	100314	73.84
4842999.185	570934.3415	11	4/1/2010 9:36	100315	68.83
4842998.634	570934.75	11	4/1/2010 9:36	100316	68.76
4842999.935	570935.9443	11	4/1/2010 9:36	100317	70.45
4842999.57	570936.085	11	4/1/2010 9:36	100318	70.86
4842999.383	570936.2159	11	4/1/2010 9:36	100319	73.84
4843000.501	570936.8805	11	4/1/2010 9:36	100320	70.32
4843000.514	570938.0885	11	4/1/2010 9:36	100321	70.05
4843000.515	570938.2173	11	4/1/2010 9:36	100322	73.23
4842999.599	570938.7666	11	4/1/2010 9:36	100323	77.09
4843000.354	570939.8298	11	4/1/2010 9:36	100324	79.26
4843001.296	570941.7043	11	4/1/2010 9:36	100325	77.43
4843001.303	570942.3727	11	4/1/2010 9:36	100326	76.82
4843002.237	570943.4339	11	4/1/2010 9:36	100327	70.59
4843002.24	570943.7077	11	4/1/2010 9:36	100328	82.1
4843003.176	570945.0347	11	4/1/2010 9:36	100329	75.06
4843003.544	570945.1677	11	4/1/2010 9:36	100330	68.01
4843004.671	570945.6953	11	4/1/2010 9:36	100331	72.49
4843006.901	570946.477	11	4/1/2010 9:36	100332	66.8
4843007.459	570946.7368	11	4/1/2010 9:36	100333	64.22
4843007.637	570946.7349	11	4/1/2010 9:36	100334	75.06
4843007.638	570946.8718	11	4/1/2010 9:36	100335	66.66
4843008.769	570948.7363	11	4/1/2010 9:36	100336	56.5
4843009.7	570948.5895	11	4/1/2010 9:36	100337	57.99
4843010.065	570948.4568	11	4/1/2010 9:36	100338	66.25
4843010.43	570948.316	11	4/1/2010 9:36	100339	71.67
4843010.807	570948.1751	11	4/1/2010 9:36	100340	80.9
4843011.176	570948.445	11	4/1/2010 9:36	100341	72.49
4843012.862	570950.3036	11	4/1/2010 9:36	100342	78.18
4843014.167	570950.8293	11	4/1/2010 9:36	100343	66.12
4843015.093	570951.2221	11	4/1/2010 9:36	100344	66.8
4843017.13	570951.6032	11	4/1/2010 9:36	100345	80.2
4843018.073	570952.5274	11	4/1/2010 9:36	100346	78.72
4843018.259	570953.3308	11	4/1/2010 9:36	100347	85.1
4843018.093	570954.4117	11	4/1/2010 9:36	100348	81.2
4843018.286	570955.8835	11	4/1/2010 9:36	100349	88.9
4843017.924	570956.29	11	4/1/2010 9:36	100350	79.67
4843017.767	570959.2474	11	4/1/2010 9:36	100351	81.7
4843017.767	570959.2474	11	4/1/2010 9:37	100352	78.18
4843017.592	570959.5151	11	4/1/2010 9:37	100353	77.91
4843017.404	570959.654	11	4/1/2010 9:37	100354	75.87
4843017.406	570959.7828	11	4/1/2010 9:37	100355	73.98
4843017.596	570959.9177	11	4/1/2010 9:37	100356	75.6
4843017.056	570961.3973	11	4/1/2010 9:37	100357	80.2
4843018.395	570966.0864	11	4/1/2010 9:37	100358	79.13
4843019.156	570967.6891	11	4/1/2010 9:37	100359	76.82
4843019.724	570968.8911	11	4/1/2010 9:37	100360	72.08
4843020.294	570970.2219	11	4/1/2010 9:37	100361	50.53
4843021.235	570971.0173	11	4/1/2010 9:37	100362	60.16
4843021.25	570972.3621	11	4/1/2010 9:37	100363	44.03
4843020.703	570974.2444	11	4/1/2010 9:37	100364	56.36
4843020.713	570975.1866	11	4/1/2010 9:37	100365	53.38
4843021.463	570975.7182	11	4/1/2010 9:37	100366	42.27
4843021.473	570976.6524	11	4/1/2010 9:37	100367	41.59
4843020.732	570976.9341	11	4/1/2010 9:37	100368	36.85
4843020.557	570977.2017	11	4/1/2010 9:37	100369	36.85
4843020.563	570977.7412	11	4/1/2010 9:37	100370	45.38
4843021.322	570979.207	11	4/1/2010 9:37	100371	54.73
4843021.331	570980.0123	11	4/1/2010 9:37	100372	63.2
4843021.717	570981.8847	11	4/1/2010 9:37	100373	73.16
4843021.899	570982.2854	11	4/1/2010 9:37	100374	70.73
4843022.284	570982.9579	11	4/1/2010 9:37	100375	66.8
4843023.591	570984.6836	11	4/1/2010 9:37	100376	65.58
4843023.59	570984.5547	11	4/1/2010 9:37	100377	65.98
4843024.176	570986.425	11	4/1/2010 9:37	100378	71.95
4843024.723	570986.6849	11	4/1/2010 9:37	100379	74.93
4843025.668	570987.7541	11	4/1/2010 9:37	100380	80
4843026.605	570989.2179	11	4/1/2010 9:37	100381	82
4842997.751	570904.9606	11	4/1/2010 9:37	100382	103.7
4842997.751	570904.9606	11	4/1/2010 9:37	100383	99
4842997.94	570904.9585	11	4/1/2010 9:37	100384	87.7
4842998.313	570904.5519	11	4/1/2010 9:37	100385	92.1
4842998.66	570903.7428	11	4/1/2010 9:37	100386	97.4
4842998.647	570902.5349	11	4/1/2010 9:37	100387	94.2
4842999.011	570901.1861	11	4/1/2010 9:37	100388	98.4
4842999.003	570900.5177	11	4/1/2010 9:37	100389	100.3
4842997.306	570897.58	11	4/1/2010 9:37	100390	107.6
4842996.741	570896.6518	11	4/1/2010 9:37	100391	95.3
4842996.722	570894.9043	11	4/1/2010 9:37	100392	88.9
4842996.528	570894.3668	11	4/1/2010 9:37	100393	94.6
4842996.339	570893.2976	11	4/1/2010 9:37	100394	102.2
4842996.504	570892.0878	11	4/1/2010 9:37	100395	101.1
4842996.687	570891.5463	11	4/1/2010 9:37	100396	85.8
4842996.68	570890.8779	11	4/1/2010 9:37	100397	87.5
4842996.479	570889.8089	11	4/1/2010 9:37	100398	57.85
4842995.542	570888.3369	11	4/1/2010 9:37	100399	73.3
4842995.355	570887.5335	11	4/1/2010 9:37	100400	93.9
4842995.161	570887.0041	11	4/1/2010 9:37	100401	84.7
4842996.264	570886.3158	11	4/1/2010 9:37	100402	80.8
4842995.323	570884.4493	11	4/1/2010 9:37	100403	80.8
4842994.938	570883.7849	11	4/1/2010 9:37	100404	75.6
4842995.313	570883.5071	11	4/1/2010 9:37	100405	74.66
4842995.676	570883.2375	11	4/1/2010 9:37	100406	59.95
4842996.405	570882.8271	11	4/1/2010 9:37	100407	54.06
4842997.686	570881.0658	11	4/1/2010 9:38	100408	52.57
4842998.97	570879.5783	11	4/1/2010 9:38	100409	50.87
4842998.968	570879.4414	11	4/1/2010 9:38	100410	47.01
4842998.934	570876.2203	11	4/1/2010 9:38	100411	49.31
4842999.853	570875.9447	11	4/1/2010 9:38	100412	53.92
4843000.026	570874.4691	11	4/1/2010 9:38	100413	57.72
4843000.556	570872.0473	11	4/1/2010 9:38	100414	58.12
4843002.215	570871.3532	11	4/1/2010 9:38	100415	57.04
4843002.578	570871.0836	11	4/1/2010 9:38	100416	56.36
4843002.578	570871.0836	11	4/1/2010 9:38	100417	56.5
4843002.953	570870.8138	11	4/1/2010 9:38	100418	60.02
4843002.952	570870.6769	11	4/1/2010 9:38	100419	61.37
4843003.492	570870.2685	11	4/1/2010 9:38	100420	63
4843002.553	570868.6677	11	4/1/2010 9:38	100421	65.17
4843002.364	570868.6697	11	4/1/2010 9:38	100422	70.73
4843003.271	570867.3151	11	4/1/2010 9:38	100423	78.86
4843003.632	570865.7005	11	4/1/2010 9:38	100424	80.8
4843004.946	570867.0316	11	4/1/2010 9:38	100425	76.62
4843005.66	570865.2763	11	4/1/2010 9:38	100426	73.5
4843004.731	570864.6177	11	4/1/2010 9:38	100427	82
4843004.916	570864.2131	11	4/1/2010 9:38	100428	70.59
4843005.818	570862.327	11	4/1/2010 9:38	100429	67.34
4843005.257	570861.7933	11	4/1/2010 9:38	100430	65.17
4843005.441	570861.3887	11	4/1/2010 9:38	100431	68.15
4843005.798	570860.4426	11	4/1/2010 9:38	100432	62.19
4843005.789	570859.6373	11	4/1/2010 9:38	100433	57.85
4843005.407	570858.1675	11	4/1/2010 9:38	100434	58.66
4843005.026	570857.9058	11	4/1/2010 9:38	100435	58.66
4843005.58	570857.763	11	4/1/2010 9:38	100436	56.23
4843006.131	570857.3545	11	4/1/2010 9:38	100437	57.51
4843006.293	570854.7997	11	4/1/2010 9:38	100438	57.04
4843007.209	570854.2585	11	4/1/2010 9:38	100439	64.76
4843007.769	570854.6552	11	4/1/2010 9:38	100440	63.41
4843009.614	570853.6933	11	4/1/2010 9:38	100441	41.86
4843011.457	570852.6026	11	4/1/2010 9:38	100442	67.47
4843013.663	570852.1765	11	4/1/2010 9:38	100443	65.98
4843013.457	570849.4887	11	4/1/2010 9:38	100444	61.51
4843014.192	570849.7548	11	4/1/2010 9:38	100445	62.87
4843013.627	570848.8185	11	4/1/2010 9:38	100446	59.88
4843013.808	570847.0689	11	4/1/2010 9:38	100447	54.12
4843014.358	570847.6027	11	4/1/2010 9:38	100448	54.46
4843013.985	570846.9382	11	4/1/2010 9:38	100449	56.77
4843014.346	570846.3947	11	4/1/2010 9:38	100450	52.7
4843014.897	570845.9862	11	4/1/2010 9:38	100451	53.11
4843015.635	570845.4388	11	4/1/2010 9:38	100452	53.65
4843015.99	570844.3638	11	4/1/2010 9:38	100453	46.47
4843016.73	570843.9533	11	4/1/2010 9:38	100454	52.43
4843016.719	570842.8823	11	4/1/2010 9:38	100455	53.11
4843015.223	570841.1505	11	4/1/2010 9:38	100456	38.34
4843015.77	570840.3393	11	4/1/2010 9:38	100457	56.09
4843016.315	570839.3913	11	4/1/2010 9:38	100458	40.64
4843014.818	570838.6018	11	4/1/2010 9:38	100459	61.78
4843015.747	570838.1892	11	4/1/2010 9:38	100460	54.33
4843015.179	570836.9872	11	4/1/2010 9:39	100461	48.5
4843016.454	570835.7656	11	4/1/2010 9:39	100462	65.98
4843017.382	570835.2242	11	4/1/2010 9:39	100463	53.65
4843018.84	570833.4611	11	4/1/2010 9:39	100464	57.85
4843022.142	570830.6072	11	4/1/2010 9:39	100465	61.44
4843023.606	570829.3836	11	4/1/2010 9:39	100466	59.88
4843021.761	570829.2663	11	4/1/2010 9:39	100467	62.87
4843021.756	570828.7348	11	4/1/2010 9:39	100468	60.97
4843019.492	570824.732	11	4/1/2010 9:39	100469	60.02
4843018.553	570824.2023	11	4/1/2010 9:39	100470	61.98
4843018.175	570823.1352	11	4/1/2010 9:39	100471	71.13
4843020.02	570822.1733	11	4/1/2010 9:39	100472	71.67
4843021.666	570820.2794	11	4/1/2010 9:39	100473	88.1
4843021.082	570818.6748	11	4/1/2010 9:39	100474	68.96
4843021.624	570816.3818	11	4/1/2010 9:39	100475	68.29
4843022.735	570817.4492	11	4/1/2010 9:39	100476	69.91
4843022.184	570816.7786	11	4/1/2010 9:39	100477	60.97
4843021.238	570815.5805	11	4/1/2010 9:39	100478	71.4
4843022.352	570814.7633	11	4/1/2010 9:39	100479	62.59
4843022.147	570813.2917	11	4/1/2010 9:39	100480	63.75
4843023.616	570812.4707	11	4/1/2010 9:39	100481	61.24
4843023.229	570811.6695	11	4/1/2010 9:39	100482	59.14
4843021.752	570811.6851	11	4/1/2010 9:39	100483	55.68
4843021.02	570812.7641	11	4/1/2010 9:39	100484	52.16
4843021.377	570810.8837	11	4/1/2010 9:39	100485	55.21
4843022.486	570810.7351	11	4/1/2010 9:39	100486	47.15
4843024.135	570809.1068	11	4/1/2010 9:39	100487	51.35
4843026.159	570808.28	11	4/1/2010 9:39	100488	50.67
4843027.27	570807.1971	11	4/1/2010 9:39	100489	56.9
4843028.73	570805.5708	11	4/1/2010 9:39	100490	47.82
4843028.728	570805.4339	11	4/1/2010 9:39	100491	52.43
4843028.343	570804.7695	11	4/1/2010 9:39	100492	61.65
4843027.963	570803.4286	11	4/1/2010 9:39	100493	65.3
4843026.471	570802.1075	11	4/1/2010 9:39	100494	73.57
4843026.281	570801.9726	11	4/1/2010 9:39	100495	76.01
4843025.906	570801.1712	11	4/1/2010 9:39	100496	73.16
4843027.547	570799.8089	11	4/1/2010 9:39	100497	93
4843026.05	570797.9482	11	4/1/2010 9:39	100498	93.6
4843026.423	570797.5416	11	4/1/2010 9:39	100499	125.5
4843025.471	570795.804	11	4/1/2010 9:39	100500	126.4
4843025.851	570795.9369	11	4/1/2010 9:39	100501	132.3
4843025.849	570795.8	11	4/1/2010 9:39	100502	99.9
4843026.582	570794.7211	11	4/1/2010 9:39	100503	113.8
4843026.939	570794.8542	11	4/1/2010 9:39	100504	138.9
4843026.004	570793.6561	11	4/1/2010 9:39	100505	135.5
4843026.004	570793.6561	11	4/1/2010 9:39	100506	113.7
4843025.635	570793.3862	11	4/1/2010 9:39	100507	117.1
4843025.63	570792.9835	11	4/1/2010 9:39	100508	117.3
4843025.816	570792.7158	11	4/1/2010 9:39	100509	122.8
4843026.73	570791.9007	11	4/1/2010 9:39	100510	121.1
4843026.906	570791.762	11	4/1/2010 9:39	100511	120.3
4843028.01	570790.1395	11	4/1/2010 9:39	100512	120.7
4843027.423	570788.1323	11	4/1/2010 9:39	100513	116.7
4843027.798	570787.8626	11	4/1/2010 9:39	100514	99.5
4843029.09	570787.1804	11	4/1/2010 9:40	100515	118
4843029.807	570785.6909	11	4/1/2010 9:40	100516	114.8
4843029.252	570785.6968	11	4/1/2010 9:40	100517	113.3
4843029.431	570784.7607	11	4/1/2010 9:40	100518	103.1
4843029.23	570783.6836	11	4/1/2010 9:40	100519	95.9
4843029.959	570782.202	11	4/1/2010 9:40	100520	95
4843030.143	570781.7974	11	4/1/2010 9:40	100521	86.3
4843022.706	570779.0575	11	4/1/2010 9:40	100522	96.1
4843022.15	570779.0634	11	4/1/2010 9:40	100523	101.9
4843022.305	570776.9114	11	4/1/2010 9:40	100524	89.7
4843022.664	570775.168	11	4/1/2010 9:40	100525	74.25
4843023.217	570774.8883	11	4/1/2010 9:40	100526	65.64
4843023.218	570775.0252	11	4/1/2010 9:40	100527	64.9
4843023.768	570774.4798	11	4/1/2010 9:40	100528	49.99
4843021.887	570771.0125	11	4/1/2010 9:40	100529	58.26
4843021.69	570770.2092	11	4/1/2010 9:40	100530	58.39
4843022.045	570769.1343	11	4/1/2010 9:40	100531	57.99
4843022.404	570768.454	11	4/1/2010 9:40	100532	73.03
4843022.403	570768.3251	11	4/1/2010 9:40	100533	66.93
4843022.768	570768.1843	11	4/1/2010 9:40	100534	79.87
4843023.688	570766.9665	11	4/1/2010 9:40	100535	89.1
4843024.432	570766.9586	11	4/1/2010 9:40	100536	95.1
4843024.958	570765.2054	11	4/1/2010 9:40	100537	93.5
4843026.435	570764.1186	11	4/1/2010 9:40	100538	0.392
4843022.894	570762.2796	11	4/1/2010 9:40	100539	144.6
4843022.894	570762.2796	11	4/1/2010 9:40	100540	60.29
4843023.269	570762.0018	11	4/1/2010 9:40	100541	88.5
4843022.88	570760.9348	11	4/1/2010 9:40	100542	107.5
4843023.981	570759.9808	11	4/1/2010 9:40	100543	109.6
4843025.086	570759.4376	11	4/1/2010 9:40	100544	101.6
4843025.262	570758.2277	11	4/1/2010 9:40	100545	109.3
4843027.104	570758.0712	11	4/1/2010 9:40	100546	108.5
4843027.841	570757.3949	11	4/1/2010 9:40	100547	132
4843027.67	570758.0652	11	4/1/2010 9:40	100548	132
4843027.277	570756.5955	11	4/1/2010 9:40	100549	130.5
4843028.203	570755.9092	11	4/1/2010 9:40	100550	119
4843029.115	570754.9653	11	4/1/2010 9:40	100551	129.4
4843028.742	570754.4297	11	4/1/2010 9:40	100552	122.1
4843029.47	570753.8824	11	4/1/2010 9:40	100553	110.8
4843030.947	570752.7956	11	4/1/2010 9:40	100554	112.9
4843030.015	570752.9424	11	4/1/2010 9:40	100555	116
4843030.012	570752.6686	11	4/1/2010 9:40	100556	108.1
4843030.564	570751.3258	11	4/1/2010 9:40	100557	103
4843029.078	570751.4704	11	4/1/2010 9:40	100558	123.6
4843029.431	570750.2586	11	4/1/2010 9:40	100559	108.1
4843030.157	570748.5113	11	4/1/2010 9:40	100560	103.5
4843030.343	570748.2355	11	4/1/2010 9:40	100561	93.1
4843029.941	570745.9606	11	4/1/2010 9:40	100562	80.6
4843031.222	570744.1993	11	4/1/2010 9:40	100563	89.3
4843030.66	570743.5369	11	4/1/2010 9:40	100564	86
4843031.753	570741.9145	11	4/1/2010 9:40	100565	81.4
4843032.67	570740.431	11	4/1/2010 9:40	100566	85.5
4843032.284	570739.6297	11	4/1/2010 9:40	100567	81.1
4843031.347	570739.2369	11	4/1/2010 9:40	100568	89.2
4843032.82	570737.7395	11	4/1/2010 9:40	100569	79.4
4843033.007	570737.6086	11	4/1/2010 9:40	100570	78.59
4843033.734	570737.0613	11	4/1/2010 9:40	100571	79.13
4843033.377	570736.9282	11	4/1/2010 9:41	100572	71.74
4843032.061	570736.4106	11	4/1/2010 9:41	100573	70.05
4843032.414	570735.0619	11	4/1/2010 9:41	100574	79.53
4843032.391	570732.9118	11	4/1/2010 9:41	100575	64.76
4843031.098	570732.5228	11	4/1/2010 9:41	100576	78.72
4843031.463	570732.3901	11	4/1/2010 9:41	100577	72.76
4843031.832	570731.5808	11	4/1/2010 9:41	100578	71.4
4843033.114	570730.8907	11	4/1/2010 9:41	100579	72.35
4843033.65	570729.1454	11	4/1/2010 9:41	100580	74.18
4843033.285	570728.207	11	4/1/2010 9:41	100581	67.07
4843034.012	570727.6597	11	4/1/2010 9:41	100582	60.16
4843034.176	570726.321	11	4/1/2010 9:41	100583	63.54
4843033.988	570725.3808	11	4/1/2010 9:41	100584	79.4
4843033.042	570724.1827	11	4/1/2010 9:41	100585	77.64
4843033.592	570723.6373	11	4/1/2010 9:41	100586	65.3
4843034.329	570722.961	11	4/1/2010 9:41	100587	82.7
4843034.88	570722.5525	11	4/1/2010 9:41	100588	60.56
4843035.245	570721.3406	11	4/1/2010 9:41	100589	69.51
4843035.959	570719.5854	11	4/1/2010 9:41	100590	76.55
4843036.52	570720.119	11	4/1/2010 9:41	100591	74.11
4843036.703	570719.5775	11	4/1/2010 9:41	100592	71.95
4843037.247	570718.5006	11	4/1/2010 9:41	100593	77.5
4843038.715	570717.5427	11	4/1/2010 9:41	100594	88.3
4843038.345	570717.2809	11	4/1/2010 9:41	100595	96.1
4843038.693	570715.5295	11	4/1/2010 9:41	100596	87.4
4843038.676	570713.919	11	4/1/2010 9:41	100597	90
4843038.479	570713.1157	11	4/1/2010 9:41	100598	83.1
4843038.849	570712.4433	11	4/1/2010 9:41	100599	82.1
4843039.572	570711.4934	11	4/1/2010 9:41	100600	81
4843039.382	570710.2874	11	4/1/2010 9:41	100601	77.77
4843038.996	570709.4861	11	4/1/2010 9:41	100602	80.8
4843040.835	570707.9928	11	4/1/2010 9:41	100603	79.67
4843040.271	570707.1934	11	4/1/2010 9:41	100604	85.6
4843040.443	570706.652	11	4/1/2010 9:41	100605	89.4
4843040.25	570705.1802	11	4/1/2010 9:41	100606	91.3
4843040.25	570705.1802	11	4/1/2010 9:41	100607	89.2
4843040.425	570704.9125	11	4/1/2010 9:41	100608	88.6
4843040.795	570704.2321	11	4/1/2010 9:41	100609	82
4843040.598	570703.4288	11	4/1/2010 9:41	100610	82.9
4843040.97	570702.8934	11	4/1/2010 9:41	100611	75.27
4843040.38	570700.7493	11	4/1/2010 9:41	100612	72.83
4843040.555	570699.4024	11	4/1/2010 9:41	100613	54.33
4843040.349	570697.7939	11	4/1/2010 9:41	100614	72.83
4843040.903	570696.58	11	4/1/2010 9:41	100615	80.1
4843041.089	570697.3834	11	4/1/2010 9:41	100616	83.2
4843040.332	570696.1833	11	4/1/2010 9:41	100617	72.55
4843041.069	570695.5071	11	4/1/2010 9:41	100618	76.15
4843041.242	570694.0314	11	4/1/2010 9:41	100619	73.03
4843042.16	570693.619	11	4/1/2010 9:41	100620	74.38
