4843234.955	570753.4512	11	3/12/10 11:06	100001	125.6
4843233.296	570754.1373	11	3/12/10 11:16	100002	125.6
4843237.404	570757.0493	11	3/12/10 11:16	100003	130.4
4843237.028	570757.1902	11	3/12/10 11:16	100004	125.6
4843236.486	570757.4617	11	3/12/10 11:16	100005	126.4
4843235.934	570757.7334	11	3/12/10 11:16	100006	135.7
4843234.994	570757.0749	11	3/12/10 11:16	100007	120.7
4843234.088	570758.5583	11	3/12/10 11:16	100008	125.4
4843233.156	570757.634	11	3/12/10 11:16	100009	129.9
4843230.565	570757.3876	11	3/12/10 11:16	100010	123.5
4843230.567	570757.5245	11	3/12/10 11:16	100011	126.4
4843230.19	570757.6654	11	3/12/10 11:16	100012	125.2
4843229.451	570758.0759	11	3/12/10 11:16	100013	117.4
4843228.9	570758.4844	11	3/12/10 11:16	100014	125.6
4843228.347	570758.7561	11	3/12/10 11:16	100015	125.6
4843227.793	570758.8988	11	3/12/10 11:16	100016	125.2
4843227.06	570758.9066	11	3/12/10 11:16	100017	118.7
4843227.262	570760.1125	11	3/12/10 11:16	100018	111.9
4843226.339	570761.0565	11	3/12/10 11:16	100019	107
4843224.677	570761.4768	11	3/12/10 11:16	100020	100.9
4843225.244	570762.5499	11	3/12/10 11:16	100021	101.5
4843225.249	570763.0814	11	3/12/10 11:16	100022	94.4
4843224.694	570763.0873	11	3/12/10 11:16	100023	96.7
4843224.332	570763.4938	11	3/12/10 11:16	100024	98.5
4843223.954	570763.4978	11	3/12/10 11:16	100025	95.8
4843223.775	570763.3709	11	3/12/10 11:16	100026	92.5
4843221.925	570763.7931	11	3/12/10 11:16	100027	88.6
4843221.384	570765.1358	11	3/12/10 11:16	100028	88.7
4843219.898	570764.3462	11	3/12/10 11:16	100029	84.5
4843219.897	570764.2173	11	3/12/10 11:16	100030	89.7
4843218.972	570765.0325	11	3/12/10 11:16	100031	88
4843216.576	570766.3948	11	3/12/10 11:16	100032	89.7
4843217.323	570766.6607	11	3/12/10 11:16	100033	92.5
4843216.578	570766.5317	11	3/12/10 11:16	100034	95.4
4843214.545	570766.5532	11	3/12/10 11:16	100035	101.1
4843214.368	570766.5551	11	3/12/10 11:16	100036	95.6
4843214.368	570766.5551	11	3/12/10 11:16	100037	97.3
4843214.368	570766.5551	11	3/12/10 11:16	100038	96
4843214.197	570767.2253	11	3/12/10 11:16	100039	91.2
4843213.639	570768.0366	11	3/12/10 11:16	100040	86.4
4843213.088	570768.4451	11	3/12/10 11:16	100041	80.9
4843212.537	570768.8536	11	3/12/10 11:16	100042	82.6
4843210.502	570768.6095	11	3/12/10 11:16	100043	81
4843209.398	570769.2896	11	3/12/10 11:16	100044	85.7
4843204.582	570769.7434	11	3/12/10 11:16	100045	80.5
4843204.214	570769.6184	11	3/12/10 11:16	100046	71.51
4843204.026	570769.6204	11	3/12/10 11:16	100047	74.63
4843203.656	570769.3505	11	3/12/10 11:16	100048	82.2
4843202.725	570769.4973	11	3/12/10 11:16	100049	77.07
4843202.725	570769.4973	11	3/12/10 11:16	100050	83.2
4843201.8	570769.2413	11	3/12/10 11:16	100051	111.6
4843201.242	570768.9734	11	3/12/10 11:16	100052	113.2
4843200.684	570768.7136	11	3/12/10 11:16	100053	124.8
4843199.573	570768.7254	11	3/12/10 11:16	100054	111.6
4843198.099	570769.0068	11	3/12/10 11:17	100055	103.8
4843197.718	570768.745	11	3/12/10 11:17	100056	108.5
4843196.059	570768.36	11	3/12/10 11:17	100057	102.1
4843195.312	570768.1021	11	3/12/10 11:17	100058	106.3
4843194.393	570768.3776	11	3/12/10 11:17	100059	106.7
4843193.274	570768.6553	11	3/12/10 11:17	100060	105.8
4843192.357	570769.0677	11	3/12/10 11:17	100061	99.4
4843191.249	570769.3532	11	3/12/10 11:17	100062	93.1
4843189.971	570770.301	11	3/12/10 11:17	100063	90.8
4843187.194	570771.4096	11	3/12/10 11:17	100064	89.4
4843185.173	570772.5022	11	3/12/10 11:17	100065	99.6
4843183.88	570773.0555	11	3/12/10 11:17	100066	89.8
4843182.603	570774.1401	11	3/12/10 11:17	100067	91.6
4843184.825	570774.2535	11	3/12/10 11:17	100068	95.8
4843184.632	570773.8528	11	3/12/10 11:17	100069	94.5
4843183.338	570773.327	11	3/12/10 11:17	100070	99.6
4843181.499	570774.8203	11	3/12/10 11:17	100071	98.1
4843181.511	570775.8993	11	3/12/10 11:17	100072	99.3
4843180.954	570775.7683	11	3/12/10 11:17	100073	95.6
4843178.734	570775.9288	11	3/12/10 11:17	100074	94.7
4843177.632	570776.7458	11	3/12/10 11:17	100075	92.8
4843176.334	570776.8884	11	3/12/10 11:17	100076	93.2
4843176.334	570776.8884	11	3/12/10 11:17	100077	92.6
4843176.335	570777.0253	11	3/12/10 11:17	100078	101.2
4843175.604	570777.17	11	3/12/10 11:17	100079	96.6
4843175.047	570777.039	11	3/12/10 11:17	100080	88.7
4843173.569	570777.9969	11	3/12/10 11:17	100081	93.1
4843172.838	570778.2705	11	3/12/10 11:17	100082	95.4
4843172.097	570778.5441	11	3/12/10 11:17	100083	91.3
4843170.275	570780.5768	11	3/12/10 11:17	100084	101.6
4843170.273	570780.448	11	3/12/10 11:17	100085	86.8
4843169.343	570780.7236	11	3/12/10 11:17	100086	71.25
4843167.302	570779.9399	11	3/12/10 11:17	100087	66.23
4843167.112	570779.805	11	3/12/10 11:17	100088	65.15
4843167.114	570779.9419	11	3/12/10 11:17	100089	58.51
4843167.118	570780.3445	11	3/12/10 11:17	100090	66.23
4843168.061	570781.2768	11	3/12/10 11:17	100091	69.21
4843168.616	570781.2709	11	3/12/10 11:17	100092	63.79
4843168.617	570781.3997	11	3/12/10 11:17	100093	69.08
4843167.324	570781.953	11	3/12/10 11:17	100094	63.79
4843166.402	570783.0339	11	3/12/10 11:17	100095	52.68
4843166.037	570783.1747	11	3/12/10 11:17	100096	70.57
4843165.122	570783.8529	11	3/12/10 11:17	100097	76.19
4843164.373	570783.3293	11	3/12/10 11:17	100098	81.7
4843162.335	570783.8824	11	3/12/10 11:17	100099	78.29
4843161.595	570784.293	11	3/12/10 11:17	100100	70.97
4843160.691	570784.979	11	3/12/10 11:17	100101	70.77
4843160.693	570785.1079	11	3/12/10 11:17	100102	74.36
4843160.136	570784.9849	11	3/12/10 11:17	100103	60.54
4843159.39	570784.8559	11	3/12/10 11:17	100104	65.01
4843158.278	570784.7308	11	3/12/10 11:17	100105	69.21
4843157.533	570784.6099	11	3/12/10 11:17	100106	70.7
4843154.944	570784.5004	11	3/12/10 11:17	100107	78.56
4843154.221	570785.4504	11	3/12/10 11:17	100108	75.31
4843151.258	570785.7476	11	3/12/10 11:17	100109	84.1
4843151.257	570785.6107	11	3/12/10 11:18	100110	83.3
4843150.322	570785.4917	11	3/12/10 11:18	100111	87.2
4843146.997	570786.1954	11	3/12/10 11:18	100112	85.2
4843144.969	570786.6196	11	3/12/10 11:18	100113	82.6
4843146.266	570786.3401	11	3/12/10 11:18	100114	79.37
4843146.446	570786.604	11	3/12/10 11:18	100115	81.7
4843146.445	570786.4671	11	3/12/10 11:18	100116	80.1
4843145.887	570786.2072	11	3/12/10 11:18	100117	78.02
4843145.709	570786.2091	11	3/12/10 11:18	100118	77.07
4843145.522	570786.348	11	3/12/10 11:18	100119	78.56
4843145.147	570786.6177	11	3/12/10 11:18	100120	78.7
4843143.292	570785.5663	11	3/12/10 11:18	100121	72.74
4843145.141	570786.0782	11	3/12/10 11:18	100122	70.57
4843143.67	570785.5623	11	3/12/10 11:18	100123	74.63
4843143.12	570786.0997	11	3/12/10 11:18	100124	73.82
4843143.12	570786.0997	11	3/12/10 11:18	100125	76.8
4843142.194	570786.786	11	3/12/10 11:18	100126	77.07
4843140.717	570786.8016	11	3/12/10 11:18	100127	81.1
4843139.971	570786.6726	11	3/12/10 11:18	100128	80.6
4843137.56	570786.5613	11	3/12/10 11:18	100129	83.4
4843138.69	570787.3547	11	3/12/10 11:18	100130	76.4
4843136.274	570786.8488	11	3/12/10 11:18	100131	78.97
4843134.979	570787.2652	11	3/12/10 11:18	100132	85.3
4843132.755	570787.015	11	3/12/10 11:18	100133	81.1
4843131.65	570787.5663	11	3/12/10 11:18	100134	81.5
4843130.723	570787.0365	11	3/12/10 11:18	100135	79.51
4843128.668	570785.9872	11	3/12/10 11:18	100136	79.24
4843127.185	570785.4633	11	3/12/10 11:18	100137	82.6
4843126.823	570785.8699	11	3/12/10 11:18	100138	74.7
4843125.52	570785.6179	11	3/12/10 11:18	100139	75.45
4843124.038	570785.094	11	3/12/10 11:18	100140	72.6
4843123.103	570784.9751	11	3/12/10 11:18	100141	74.64
4843122.721	570784.5765	11	3/12/10 11:18	100142	68.94
4843121.257	570784.7209	11	3/12/10 11:18	100143	63.66
4843120.345	570785.6728	11	3/12/10 11:18	100144	64.07
4843118.857	570785.6886	11	3/12/10 11:18	100145	64.07
4843116.82	570785.3075	11	3/12/10 11:18	100146	64.47
4843114.604	570785.8706	11	3/12/10 11:18	100147	62.44
4843113.85	570784.9363	11	3/12/10 11:18	100148	61.22
4843112.201	570786.5645	11	3/12/10 11:18	100149	56.62
4843111.094	570786.8421	11	3/12/10 11:18	100150	58.24
4843110.723	570786.4433	11	3/12/10 11:18	100151	58.38
4843109.048	570785.6557	11	3/12/10 11:18	100152	54.99
4843111.082	570785.7711	11	3/12/10 11:18	100153	48.76
4843111.089	570786.4394	11	3/12/10 11:18	100154	50.11
4843111.091	570786.5763	11	3/12/10 11:18	100155	59.32
4843109.604	570786.729	11	3/12/10 11:18	100156	62.98
4843109.065	570787.2663	11	3/12/10 11:18	100157	62.85
4843108.132	570787.2762	11	3/12/10 11:18	100158	63.25
4843107.202	570786.4807	11	3/12/10 11:18	100159	65.08
4843108.117	570785.8025	11	3/12/10 11:18	100160	63.79
4843106.455	570785.1517	11	3/12/10 11:18	100161	62.44
4843106.077	570785.1557	11	3/12/10 11:18	100162	65.15
4843104.793	570785.572	11	3/12/10 11:18	100163	74.77
4843103.123	570786.2582	11	3/12/10 11:18	100164	61.9
4843102.948	570786.5258	11	3/12/10 11:19	100165	70.7
4843102.207	570786.8075	11	3/12/10 11:19	100166	63.66
4843102.207	570786.8075	11	3/12/10 11:19	100167	56.48
4843102.207	570786.8075	11	3/12/10 11:19	100168	67.32
4843098.718	570789.7921	11	3/12/10 11:19	100169	71.79
4843099.463	570789.9211	11	3/12/10 11:19	100170	76.67
4843099.462	570789.7842	11	3/12/10 11:19	100171	76.13
4843098.908	570789.927	11	3/12/10 11:19	100172	85.7
4843098.353	570789.9329	11	3/12/10 11:19	100173	77.35
4843097.432	570790.0796	11	3/12/10 11:19	100174	73.28
4843096.689	570790.2163	11	3/12/10 11:19	100175	73.55
4843095.217	570790.6346	11	3/12/10 11:19	100176	66.51
4843093.556	570791.1918	11	3/12/10 11:19	100177	59.87
4843092.621	570790.936	11	3/12/10 11:19	100178	60.68
4843091.886	570790.8069	11	3/12/10 11:19	100179	59.06
4843091.325	570791.3524	11	3/12/10 11:19	100180	58.11
4843088.725	570790.1719	11	3/12/10 11:19	100181	62.44
4843086.499	570789.7929	11	3/12/10 11:19	100182	72.2
4843085.215	570790.2092	11	3/12/10 11:19	100183	63.53
4843084.649	570790.2152	11	3/12/10 11:19	100184	61.9
4843084.645	570789.8125	11	3/12/10 11:19	100185	62.85
4843081.144	570790.655	11	3/12/10 11:19	100186	61.63
4843080.959	570791.0597	11	3/12/10 11:19	100187	61.63
4843080.411	570791.734	11	3/12/10 11:19	100188	59.6
4843079.864	570791.474	11	3/12/10 11:19	100189	56.35
4843078.733	570790.6806	11	3/12/10 11:19	100190	52.42
4843078.553	570790.4087	11	3/12/10 11:19	100191	55.53
4843077.804	570790.014	11	3/12/10 11:19	100192	45.91
4843076.864	570789.3555	11	3/12/10 11:19	100193	52.01
4843076.506	570789.0935	11	3/12/10 11:19	100194	59.06
4843076.682	570788.9547	11	3/12/10 11:19	100195	51.81
4843076.682	570788.9547	11	3/12/10 11:19	100196	65.69
4843076.681	570788.8178	11	3/12/10 11:19	100197	76.53
4843076.12	570788.2922	11	3/12/10 11:19	100198	72.74
4843075.93	570788.1573	11	3/12/10 11:19	100199	72.6
4843075.563	570788.1612	11	3/12/10 11:19	100200	72.47
4843075.008	570788.1671	11	3/12/10 11:19	100201	77.35
4843074.265	570788.3119	11	3/12/10 11:19	100202	79.11
4843073.529	570788.0459	11	3/12/10 11:19	100203	74.91
4843072.795	570787.9248	11	3/12/10 11:19	100204	73.82
4843072.045	570787.3932	11	3/12/10 11:19	100205	78.97
4843071.666	570787.2603	11	3/12/10 11:19	100206	80.7
4843070.919	570787.0025	11	3/12/10 11:19	100207	84.9
4843069.074	570786.8851	11	3/12/10 11:19	100208	73.55
4843068.885	570786.8871	11	3/12/10 11:19	100209	73.69
4843068.519	570786.891	11	3/12/10 11:19	100210	74.64
4843067.962	570786.7681	11	3/12/10 11:19	100211	72.87
4843067.032	570787.0437	11	3/12/10 11:19	100212	71.79
4843064.813	570787.333	11	3/12/10 11:19	100213	66.64
4843062.966	570786.9499	11	3/12/10 11:19	100214	65.02
4843061.493	570788.4474	11	3/12/10 11:19	100215	67.79
4843061.131	570788.8539	11	3/12/10 11:19	100216	62.71
4843060.212	570789.1295	11	3/12/10 11:20	100217	56.48
4843059.643	570788.8697	11	3/12/10 11:20	100218	57.16
4843058.901	570789.1434	11	3/12/10 11:20	100219	63.66
4843058.36	570789.4149	11	3/12/10 11:20	100220	59.19
4843057.065	570789.8313	11	3/12/10 11:20	100221	58.79
4843055.402	570790.1228	11	3/12/10 11:20	100222	66.3
4843056.312	570789.0339	11	3/12/10 11:20	100223	65.83
4843056.509	570788.766	11	3/12/10 11:20	100224	68
4843057.241	570788.6214	11	3/12/10 11:20	100225	57.84
4843056.512	570789.0318	11	3/12/10 11:20	100226	56.21
4843055.575	570788.639	11	3/12/10 11:20	100227	65.97
4843055.2	570787.8377	11	3/12/10 11:20	100228	59.33
4843054.086	570787.5837	11	3/12/10 11:20	100229	58.45
4843052.224	570786.935	11	3/12/10 11:20	100230	39.82
4843051.493	570787.0716	11	3/12/10 11:20	100231	59.53
4843050.178	570786.6829	11	3/12/10 11:20	100232	43.07
4843050	570786.6848	11	3/12/10 11:20	100233	53.64
4843049.066	570785.4866	11	3/12/10 11:20	100234	55.33
4843046.843	570785.3813	11	3/12/10 11:20	100235	57.16
4843046.648	570784.8438	11	3/12/10 11:20	100236	58.92
4843045.529	570784.0503	11	3/12/10 11:20	100237	57.63
4843044.217	570782.8562	11	3/12/10 11:20	100238	49.84
4843043.856	570783.3996	11	3/12/10 11:20	100239	60.28
4843043.664	570783.1278	11	3/12/10 11:20	100240	66.91
4843042.93	570783.0067	11	3/12/10 11:20	100241	81.3
4843041.809	570782.0763	11	3/12/10 11:20	100242	84.4
4843040.885	570781.8204	11	3/12/10 11:20	100243	82.1
4843041.067	570782.2211	11	3/12/10 11:20	100244	83.4
4843039.382	570780.4914	11	3/12/10 11:20	100245	82.9
4843039.384	570780.6282	11	3/12/10 11:20	100246	84.8
4843038.478	570782.1117	11	3/12/10 11:20	100247	84
4843039.201	570781.1617	11	3/12/10 11:20	100248	80.3
4843037.706	570779.5668	11	3/12/10 11:20	100249	84.3
4843037.691	570778.0932	11	3/12/10 11:20	100250	84.3
4843036.772	570778.3687	11	3/12/10 11:20	100251	85.7
4843036.404	570778.2437	11	3/12/10 11:20	100252	78.16
4843033.982	570777.1902	11	3/12/10 11:20	100253	90.2
4843032.68	570776.9383	11	3/12/10 11:20	100254	85.9
4843030.831	570776.4183	11	3/12/10 11:20	100255	89.3
4843029.727	570778.1776	11	3/12/10 11:20	100256	95.9
4843029.181	570778.9888	11	3/12/10 11:20	100257	98.5
4843028.631	570778.455	11	3/12/10 11:20	100258	101.9
4843027.882	570778.0603	11	3/12/10 11:20	100259	91.2
4843026.755	570777.5407	11	3/12/10 11:20	100260	90.6
4843025.83	570777.2767	11	3/12/10 11:20	100261	87.1
4843025.082	570776.8819	11	3/12/10 11:20	100262	93.9
4843024.157	570776.626	11	3/12/10 11:20	100263	102
4843023.231	570776.2331	11	3/12/10 11:20	100264	98.5
4843022.485	570776.1041	11	3/12/10 11:20	100265	104.6
4843022.113	570775.5765	11	3/12/10 11:20	100266	101.3
4843021.554	570775.1798	11	3/12/10 11:20	100267	105.1
4843020.618	570774.9159	11	3/12/10 11:20	100268	103.5
4843019.872	570774.7949	11	3/12/10 11:21	100269	104
4843019.151	570774.8026	11	3/12/10 11:21	100270	116.5
4843018.032	570775.0802	11	3/12/10 11:21	100271	113.4
4843017.289	570775.225	11	3/12/10 11:21	100272	108.7
4843015.641	570775.9109	11	3/12/10 11:21	100273	116.1
4843015.265	570776.0518	11	3/12/10 11:21	100274	91.4
4843014.711	570776.1866	11	3/12/10 11:21	100275	86.7
4843014.347	570776.4643	11	3/12/10 11:21	100276	98.1
4843013.42	570777.0056	11	3/12/10 11:21	100277	82.1
4843013.078	570778.2173	11	3/12/10 11:21	100278	87.9
4843014.372	570778.7432	11	3/12/10 11:21	100279	84.4
4843014.562	570778.8781	11	3/12/10 11:21	100280	59.47
4843013.64	570779.959	11	3/12/10 11:21	100281	65.16
4843013.992	570777.5392	11	3/12/10 11:21	100282	57.84
4843013.417	570776.7399	11	3/12/10 11:21	100283	40.97
4843011.565	570775.9542	11	3/12/10 11:21	100284	55.68
4843009.162	570776.6481	11	3/12/10 11:21	100285	54.86
4843007.694	570777.4691	11	3/12/10 11:21	100286	56.76
4843006.214	570777.219	11	3/12/10 11:21	100287	57.98
4843005.276	570776.8262	11	3/12/10 11:21	100288	59.47
4843004.357	570777.1018	11	3/12/10 11:21	100289	63.13
4843002.327	570778.3314	11	3/12/10 11:21	100290	55.27
4842999.932	570778.7594	11	3/12/10 11:21	100291	65.03
4842999.931	570778.6306	11	3/12/10 11:21	100292	77.43
4842997.527	570778.2534	11	3/12/10 11:21	100293	76.82
4842995.687	570779.6098	11	3/12/10 11:21	100294	80.5
4842994.951	570779.3519	11	3/12/10 11:21	100295	83
4842995.122	570778.6816	11	3/12/10 11:21	100296	86.8
4842994.385	570779.3579	11	3/12/10 11:21	100297	83.5
4842993.466	570779.6334	11	3/12/10 11:21	100298	91.6
4842992.729	570780.3177	11	3/12/10 11:21	100299	83.6
4842992.172	570780.1867	11	3/12/10 11:21	100300	93.9
4842993.101	570780.8453	11	3/12/10 11:21	100301	86.7
4842990.894	570782.2137	11	3/12/10 11:21	100302	86.3
4842988.664	570781.432	11	3/12/10 11:21	100303	89.3
4842989.029	570780.2201	11	3/12/10 11:21	100304	88.6
4842989.027	570780.0832	11	3/12/10 11:21	100305	87
4842988.665	570781.5689	11	3/12/10 11:21	100306	86.9
4842988.299	570781.5728	11	3/12/10 11:21	100307	95.4
4843011.751	570845.7538	11	3/12/10 11:21	100308	61.78
4843010.15	570851.94	11	3/12/10 11:21	100309	61.24
4843010.343	570852.3406	11	3/12/10 11:21	100310	58.53
4843010.716	570852.8763	11	3/12/10 11:21	100311	50.4
4843010.91	570853.4138	11	3/12/10 11:21	100312	65.03
4843011.092	570853.8145	11	3/12/10 11:21	100313	55.28
4843011.096	570854.2172	11	3/12/10 11:21	100314	52.7
4843010.733	570854.4868	11	3/12/10 11:21	100315	55.21
4843010.74	570855.1552	11	3/12/10 11:21	100316	52.84
4843010.193	570855.9664	11	3/12/10 11:21	100317	55.48
4843009.832	570856.5098	11	3/12/10 11:21	100318	58.12
4843009.274	570857.3211	11	3/12/10 11:21	100319	66.52
4843008.925	570857.8644	11	3/12/10 11:21	100320	59.34
4843006.134	570857.6202	11	3/12/10 11:21	100321	64.9
4843006.324	570857.7551	11	3/12/10 11:22	100322	70.18
4843006.515	570857.89	11	3/12/10 11:22	100323	67.54
4843006.884	570858.1519	11	3/12/10 11:22	100324	56.63
4843007.253	570858.4137	11	3/12/10 11:22	100325	72.42
4843007.258	570858.8164	11	3/12/10 11:22	100326	68.56
4843007.261	570859.0901	11	3/12/10 11:22	100327	70.32
4843007.265	570859.4928	11	3/12/10 11:22	100328	69.1
4843007.091	570859.8973	11	3/12/10 11:22	100329	67.34
4843006.545	570860.7085	11	3/12/10 11:22	100330	69.78
4843006.174	570861.3809	11	3/12/10 11:22	100331	68.69
4843005.627	570862.1921	11	3/12/10 11:22	100332	63.81
4843003.819	570865.5697	11	3/12/10 11:22	100333	64.63
4843003.259	570866.1072	11	3/12/10 11:22	100334	63.68
4843002.909	570866.6505	11	3/12/10 11:22	100335	57.85
4843002.538	570867.3229	11	3/12/10 11:22	100336	54.06
4843002.74	570869.608	11	3/12/10 11:22	100337	55.28
4843001.279	570871.0974	11	3/12/10 11:22	100338	54.33
4843000.003	570872.319	11	3/12/10 11:22	100339	57.72
4843002.415	570873.5014	11	3/12/10 11:22	100340	55.14
4843005.016	570873.6107	11	3/12/10 11:22	100341	54.73
4843004.849	570875.7548	11	3/12/10 11:22	100342	59.34
4843004.678	570876.2962	11	3/12/10 11:22	100343	51.35
4843004.117	570876.8417	11	3/12/10 11:22	100344	48.91
4843003.939	570876.8436	11	3/12/10 11:22	100345	50.67
4843003.564	570877.1134	11	3/12/10 11:22	100346	53.38
4843003.569	570877.516	11	3/12/10 11:22	100347	62.93
4843003.384	570877.9207	11	3/12/10 11:22	100348	52.97
4843002.835	570878.4661	11	3/12/10 11:22	100349	51.75
4843000.826	570880.7667	11	3/12/10 11:22	100350	57.85
4842996.587	570882.1567	11	3/12/10 11:22	100351	63.27
4842995.135	570884.5882	11	3/12/10 11:22	100352	69.23
4842996.259	570885.7843	11	3/12/10 11:22	100353	72.22
4842995.721	570887.4008	11	3/12/10 11:22	100354	75.47
4842992.588	570889.4475	11	3/12/10 11:22	100355	43.22
4842990.202	570890.6809	11	3/12/10 11:22	100356	63.81
4842989.835	570891.756	11	3/12/10 11:22	100357	75.13
4842992.27	570894.0093	11	3/12/10 11:22	100358	92.5
4842992.838	570895.2113	11	3/12/10 11:22	100359	82.9
4842993.596	570896.5483	11	3/12/10 11:22	100360	77.91
4842992.308	570897.6331	11	3/12/10 11:22	100361	81.6
4842991.747	570897.1075	11	3/12/10 11:22	100362	65.17
4842992.487	570896.697	11	3/12/10 11:22	100363	81.3
4842992.303	570897.1016	11	3/12/10 11:22	100364	84.4
4842992.315	570898.3095	11	3/12/10 11:22	100365	79.94
4842991.228	570900.4634	11	3/12/10 11:22	100366	76.82
4842992.145	570900.051	11	3/12/10 11:22	100367	79.4
4842991.972	570900.4555	11	3/12/10 11:22	100368	85.5
4842993.642	570900.8404	11	3/12/10 11:22	100369	86.3
4842994.008	570900.8365	11	3/12/10 11:22	100370	84.1
4842995.501	570901.2234	11	3/12/10 11:22	100371	83.7
4842995.689	570902.1637	11	3/12/10 11:22	100372	96.3
4842995.72	570905.119	11	3/12/10 11:22	100373	65.03
4842996.655	570906.3172	11	3/12/10 11:22	100374	70.86
4842996.487	570907.2532	11	3/12/10 11:22	100375	69.51
4842995.955	570909.4092	11	3/12/10 11:22	100376	63.54
4842996.129	570909.1416	11	3/12/10 11:23	100377	69.44
4842996.689	570909.5383	11	3/12/10 11:23	100378	71.13
4842996.517	570910.0717	11	3/12/10 11:23	100379	81.1
4842997.79	570908.5843	11	3/12/10 11:23	100380	76.55
4842999.633	570907.4936	11	3/12/10 11:23	100381	78.31
4843000.94	570908.1482	11	3/12/10 11:23	100382	96.7
4843001.119	570908.2832	11	3/12/10 11:23	100383	96.9
4843000.944	570908.5508	11	3/12/10 11:23	100384	85.2
4843000.399	570909.4989	11	3/12/10 11:23	100385	97.6
4843001.515	570910.0186	11	3/12/10 11:23	100386	90.5
4843000.968	570910.8298	11	3/12/10 11:23	100387	91.9
4843000.051	570911.2422	11	3/12/10 11:23	100388	89.7
4842994.147	570913.858	11	3/12/10 11:23	100389	85.5
4842994.327	570914.1218	11	3/12/10 11:23	100390	89.2
4842994.9	570914.6553	11	3/12/10 11:23	100391	92.3
4842995.463	570915.4547	11	3/12/10 11:23	100392	92.3
4842995.475	570916.5258	11	3/12/10 11:23	100393	73.16
4842995.3	570917.8726	11	3/12/10 11:23	100394	92.7
4842995.117	570918.4141	11	3/12/10 11:23	100395	96.2
4842995.305	570918.2752	11	3/12/10 11:23	100396	87.9
4842995.881	570920.2825	11	3/12/10 11:23	100397	88.5
4842996.089	570922.028	11	3/12/10 11:23	100398	82.7
4842996.1	570923.099	11	3/12/10 11:23	100399	89.1
4842995.365	570923.9122	11	3/12/10 11:23	100400	83.7
4842995.745	570924.1739	11	3/12/10 11:23	100401	90.4
4842996.496	570924.8425	11	3/12/10 11:23	100402	81.2
4842996.68	570925.3721	11	3/12/10 11:23	100403	73.98
4842996.862	570925.7728	11	3/12/10 11:23	100404	85.6
4842997.06	570926.713	11	3/12/10 11:23	100405	76.69
4842996.711	570928.3275	11	3/12/10 11:23	100406	77.84
4842996.893	570928.7282	11	3/12/10 11:23	100407	81.7
4842997.098	570930.1999	11	3/12/10 11:23	100408	83.7
4842998.776	570931.3901	11	3/12/10 11:23	100409	82.5
4842998.965	570932.4673	11	3/12/10 11:23	100410	88.7
4842998.048	570932.8797	11	3/12/10 11:23	100411	86.2
4842998.242	570933.4092	11	3/12/10 11:23	100412	74.93
4842999.177	570933.5362	11	3/12/10 11:23	100413	77.64
4843000.104	570934.0659	11	3/12/10 11:23	100414	69.23
4843000.111	570934.7343	11	3/12/10 11:23	100415	73.44
4843000.119	570935.4027	11	3/12/10 11:23	100416	72.49
4843000.497	570936.4779	11	3/12/10 11:23	100417	76.69
4843001.065	570937.6799	11	3/12/10 11:23	100418	74.38
4843001.261	570938.3463	11	3/12/10 11:23	100419	74.25
4843001.45	570939.4154	11	3/12/10 11:23	100420	77.64
4843001.644	570939.953	11	3/12/10 11:23	100421	70.12
4843002.012	570940.086	11	3/12/10 11:23	100422	70.86
4843002.765	570940.8833	11	3/12/10 11:23	100423	72.49
4843000.008	570942.7892	11	3/12/10 11:23	100424	77.98
4843000.201	570943.1898	11	3/12/10 11:23	100425	71
4843000.396	570943.7273	11	3/12/10 11:23	100426	97
4843000.584	570944.6596	11	3/12/10 11:23	100427	84.7
4843000.589	570945.1991	11	3/12/10 11:23	100428	83.2
4843001.15	570945.7327	11	3/12/10 11:23	100429	76.15
4843001.903	570946.5301	11	3/12/10 11:23	100430	77.03
4843002.468	570947.4583	11	3/12/10 11:23	100431	73.5
4843003.951	570947.9822	11	3/12/10 11:23	100432	67.61
4843005.247	570948.6369	11	3/12/10 11:24	100433	67.2
4843006.192	570949.8349	11	3/12/10 11:24	100434	58.12
4843007.123	570950.6303	11	3/12/10 11:24	100435	61.51
4843008.606	570951.1542	11	3/12/10 11:24	100436	60.16
4843009.541	570951.41	11	3/12/10 11:24	100437	62.05
4843009.561	570953.2944	11	3/12/10 11:24	100438	59.61
4843009.381	570954.1017	11	3/12/10 11:24	100439	63.34
4843010.122	570953.82	11	3/12/10 11:24	100440	65.71
4843010.485	570953.4134	11	3/12/10 11:24	100441	74.11
4843011.974	570953.5345	11	3/12/10 11:24	100442	72.08
4843012.719	570954.5977	11	3/12/10 11:24	100443	67.88
4843012.739	570956.4821	11	3/12/10 11:24	100444	67.47
4843013.486	570956.7399	11	3/12/10 11:24	100445	67.07
4843014.24	570957.6742	11	3/12/10 11:24	100446	76.15
4843014.791	570958.3368	11	3/12/10 11:24	100447	80.9
4843015.922	570959.1301	11	3/12/10 11:24	100448	73.71
4843016.116	570960.7388	11	3/12/10 11:24	100449	72.76
4843016.504	570961.677	11	3/12/10 11:24	100450	71.67
4843014.668	570963.4361	11	3/12/10 11:24	100451	63.41
4843014.668	570963.4361	11	3/12/10 11:24	100452	78.31
4843016.72	570965.2988	11	3/12/10 11:24	100453	82.2
4843016.357	570965.5685	11	3/12/10 11:24	100454	78.18
4843016.723	570965.5646	11	3/12/10 11:24	100455	85.8
4843016.727	570965.9672	11	3/12/10 11:24	100456	79.8
4843016.923	570966.6336	11	3/12/10 11:24	100457	79.67
4843016.575	570968.385	11	3/12/10 11:24	100458	77.64
4843017.514	570969.9857	11	3/12/10 11:24	100459	80.9
4843017.343	570971.5983	11	3/12/10 11:24	100460	76.82
4843017.343	570971.5983	11	3/12/10 11:24	100461	71.67
4843017.556	570973.8752	11	3/12/10 11:24	100462	68.42
4843017.935	570975.0792	11	3/12/10 11:24	100463	61.92
4843019.242	570975.7419	11	3/12/10 11:24	100464	53.92
4843019.801	570976.1386	11	3/12/10 11:24	100465	52.84
4843019.642	570977.8799	11	3/12/10 11:24	100466	52.84
4843019.831	570978.9571	11	3/12/10 11:24	100467	59.88
4843020.945	570979.211	11	3/12/10 11:24	100468	61.58
4843020.776	570981.0893	11	3/12/10 11:24	100469	51.08
4843021.142	570980.0143	11	3/12/10 11:24	100470	55.48
4843022.053	570980.0046	11	3/12/10 11:24	100471	51.35
4843023.185	570980.9348	11	3/12/10 11:24	100472	50.8
4843024.476	570981.1869	11	3/12/10 11:24	100473	54.87
4843023.932	570981.1927	11	3/12/10 11:24	100474	58.12
4843022.28	570982.5552	11	3/12/10 11:24	100475	63.54
4843022.671	570984.8303	11	3/12/10 11:24	100476	69.37
4843023.033	570984.4237	11	3/12/10 11:24	100477	72.22
4843022.668	570984.5645	11	3/12/10 11:24	100478	68.02
4843024.166	570985.4828	11	3/12/10 11:24	100479	64.97
4843023.059	570986.8396	11	3/12/10 11:24	100480	74.38
4843024.723	570986.6849	11	3/12/10 11:24	100481	72.62
4843025.108	570988.4285	11	3/12/10 11:24	100482	73.03
4843025.852	570988.4206	11	3/12/10 11:24	100483	76.82
4843026.602	570988.9522	11	3/12/10 11:24	100484	63.54
4843025.698	570990.5726	11	3/12/10 11:24	100485	79.94
4843026.425	570990.0252	11	3/12/10 11:24	100486	57.72
4843026.261	570991.3719	11	3/12/10 11:24	100487	81
4843026.093	570993.2503	11	3/12/10 11:24	100488	75.2
4843027.763	570993.6352	11	3/12/10 11:25	100489	76.28
4843028.886	570994.8313	11	3/12/10 11:25	100490	85.5
4843029.998	570994.9564	11	3/12/10 11:25	100491	87.1
4843031.128	570996.6839	11	3/12/10 11:25	100492	82.9
4843016.595	570849.0527	11	3/12/10 11:25	100493	55.28
4843016.58	570847.5791	11	3/12/10 11:25	100494	59.88
4843017.305	570845.8237	11	3/12/10 11:25	100495	58.66
4843014.736	570847.5986	11	3/12/10 11:25	100496	54.46
4843014.735	570847.4617	11	3/12/10 11:25	100497	54.87
4843014.699	570844.1118	11	3/12/10 11:25	100498	54.33
4843013.566	570843.0446	11	3/12/10 11:25	100499	55.82
4843012.829	570842.6498	11	3/12/10 11:25	100500	52.9
4843016.89	570841.2697	11	3/12/10 11:25	100501	52.7
4843018.528	570839.6416	11	3/12/10 11:25	100502	47.15
4843018.345	570839.1039	11	3/12/10 11:25	100503	49.31
4843018.703	570838.2948	11	3/12/10 11:25	100504	52.7
4843018.696	570837.6264	11	3/12/10 11:25	100505	52.43
4843019.245	570837.0809	11	3/12/10 11:25	100506	52.84
4843016.67	570838.3163	11	3/12/10 11:25	100507	43.22
4843016.868	570839.1196	11	3/12/10 11:25	100508	55.41
4843014.425	570836.061	11	3/12/10 11:25	100509	55.95
4843014.405	570834.1766	11	3/12/10 11:25	100510	54.06
4843015.723	570835.9103	11	3/12/10 11:25	100511	55.01
4843016.812	570833.8853	11	3/12/10 11:25	100512	54.33
4843017.742	570834.6808	11	3/12/10 11:25	100513	59.75
4843018.467	570833.8677	11	3/12/10 11:25	100514	50.94
4843019.367	570830.7736	11	3/12/10 11:25	100515	64.09
4843021.385	570829.4072	11	3/12/10 11:25	100516	61.37
4843022.104	570826.9835	11	3/12/10 11:25	100517	65.71
4843022.28	570825.7735	11	3/12/10 11:25	100518	60.02
4843021.521	570824.4366	11	3/12/10 11:25	100519	62.73
4843019.851	570824.0517	11	3/12/10 11:25	100520	69.51
4843020.76	570822.834	11	3/12/10 11:25	100521	65.17
4843021.122	570822.4274	11	3/12/10 11:25	100522	63.07
4843016.692	570822.6113	11	3/12/10 11:25	100523	64.09
4843016.689	570822.3456	11	3/12/10 11:25	100524	64.63
4843017.047	570821.5364	11	3/12/10 11:25	100525	67.47
4843016.672	570820.735	11	3/12/10 11:25	100526	69.78
4843017.76	570819.6443	11	3/12/10 11:25	100527	71.13
4843018.138	570819.6403	11	3/12/10 11:25	100528	68.42
4843018.686	570818.966	11	3/12/10 11:25	100529	68.69
4843019.236	570818.4206	11	3/12/10 11:25	100530	70.05
4843018.114	570817.3613	11	3/12/10 11:25	100531	62.32
4843019.027	570816.5463	11	3/12/10 11:25	100532	67.2
4843021.788	570815.0432	11	3/12/10 11:25	100533	70.32
4843020.295	570814.6563	11	3/12/10 11:25	100534	59.61
4843019.193	570814.3942	11	3/12/10 11:25	100535	58.66
4843020.65	570812.5022	11	3/12/10 11:25	100536	56.77
4843023.388	570808.849	11	3/12/10 11:25	100537	56.77
4843024.123	570807.8989	11	3/12/10 11:25	100538	55.41
4843026.511	570805.8601	11	3/12/10 11:25	100539	52.16
4843027.967	570803.8313	11	3/12/10 11:25	100540	51.35
4843029.62	570802.6057	11	3/12/10 11:25	100541	53.79
4843029.981	570802.0703	11	3/12/10 11:26	100542	57.72
4843029.978	570801.7965	11	3/12/10 11:26	100543	59.88
4843028.514	570803.0201	11	3/12/10 11:26	100544	56.36
4843028.143	570802.6213	11	3/12/10 11:26	100545	53.79
4843027.755	570801.6912	11	3/12/10 11:26	100546	56.9
4843027.379	570800.7529	11	3/12/10 11:26	100547	64.09
4843026.814	570799.8166	11	3/12/10 11:26	100548	59.48
4843026.984	570799.1464	11	3/12/10 11:26	100549	63.14
4843027.181	570798.8785	11	3/12/10 11:26	100550	64.9
4843027.177	570798.4759	11	3/12/10 11:26	100551	76.42
4843027.714	570797.7937	11	3/12/10 11:26	100552	93.5
4843024.207	570798.1047	11	3/12/10 11:26	100553	85.2
4843027.515	570796.8615	11	3/12/10 11:26	100554	85.2
4843027.507	570796.0563	11	3/12/10 11:26	100555	64.22
4843026.593	570795.7921	11	3/12/10 11:26	100556	109.1
4843026.585	570794.9868	11	3/12/10 11:26	100557	103.5
4843026.389	570794.3205	11	3/12/10 11:26	100558	103.7
4843026.382	570793.6521	11	3/12/10 11:26	100559	110.2
4843025.816	570792.7158	11	3/12/10 11:26	100560	93.1
4843025.821	570793.1184	11	3/12/10 11:26	100561	94.2
4843025.997	570792.9797	11	3/12/10 11:26	100562	102.3
4843025.629	570792.8547	11	3/12/10 11:26	100563	93.8
4843025.436	570792.4541	11	3/12/10 11:26	100564	98.8
4843026.731	570792.0376	11	3/12/10 11:26	100565	109.1
4843026.36	570791.6389	11	3/12/10 11:26	100566	115.2
4843024.873	570791.7835	11	3/12/10 11:26	100567	100.9
4843024.14	570791.7913	11	3/12/10 11:26	100568	112.7
4843023.577	570790.9919	11	3/12/10 11:26	100569	101.4
4843023.744	570790.0559	11	3/12/10 11:26	100570	103.8
4843024.109	570788.844	11	3/12/10 11:26	100571	96.1
4843025.182	570786.2796	11	3/12/10 11:26	100572	98.1
4843030.896	570782.5948	11	3/12/10 11:26	100573	89.3
4843022.878	570778.5161	11	3/12/10 11:26	100574	93.9
4843022.697	570778.2522	11	3/12/10 11:26	100575	88.9
4843022.696	570778.1153	11	3/12/10 11:26	100576	84.4
4843023.049	570776.9035	11	3/12/10 11:26	100577	71.27
4843022.123	570776.5106	11	3/12/10 11:26	100578	61.1
4843021.743	570775.1778	11	3/12/10 11:26	100579	63
4843023.555	570772.2028	11	3/12/10 11:26	100580	57.44
4843022.443	570772.0777	11	3/12/10 11:26	100581	57.92
4843020.582	570771.5659	11	3/12/10 11:26	100582	66.12
4843019.48	570771.3038	11	3/12/10 11:26	100583	56.23
4843019.288	570771.04	11	3/12/10 11:26	100584	65.98
4843019.651	570770.6335	11	3/12/10 11:26	100585	68.29
4843020.941	570769.8144	11	3/12/10 11:26	100586	67.34
4843021.661	570767.5276	11	3/12/10 11:26	100587	76.55
4843021.448	570765.2426	11	3/12/10 11:26	100588	76.28
4843021.633	570764.838	11	3/12/10 11:26	100589	74.66
4843021.813	570764.0307	11	3/12/10 11:26	100590	81.7
4843022.154	570762.6901	11	3/12/10 11:26	100591	92.1
4843023.435	570760.9289	11	3/12/10 11:26	100592	94.4
4843024.902	570759.9711	11	3/12/10 11:26	100593	95.5
4843025.281	570760.104	11	3/12/10 11:27	100594	83.1
4843026.031	570760.6356	11	3/12/10 11:27	100595	95.5
4843026.94	570759.4179	11	3/12/10 11:27	100596	96.5
4843027.107	570758.337	11	3/12/10 11:27	100597	103.5
4843026.544	570757.6745	11	3/12/10 11:27	100598	109.9
4843025.247	570756.8828	11	3/12/10 11:27	100599	118.2
4843025.987	570756.4723	11	3/12/10 11:27	100600	114.4
4843026.175	570756.3334	11	3/12/10 11:27	100601	121.5
4843026.355	570756.6053	11	3/12/10 11:27	100602	123
4843028.201	570755.7804	11	3/12/10 11:27	100603	114.8
4843028.197	570755.3777	11	3/12/10 11:27	100604	115.4
4843028.376	570754.4336	11	3/12/10 11:27	100605	112.3
4843028.722	570752.5534	11	3/12/10 11:27	100606	108.1
4843027.227	570751.8927	11	3/12/10 11:27	100607	98.8
4843027.226	570751.7639	11	3/12/10 11:27	100608	107.7
4843027.025	570750.6868	11	3/12/10 11:27	100609	105.4
4843029.251	570749.9947	11	3/12/10 11:27	100610	98.4
4843028.872	570749.8619	11	3/12/10 11:27	100611	87
4843030.16	570748.7771	11	3/12/10 11:27	100612	97.4
4843030.141	570747.0296	11	3/12/10 11:27	100613	100.9
4843030.133	570746.2243	11	3/12/10 11:27	100614	88.7
4843030.863	570744.8797	11	3/12/10 11:27	100615	107.7
4843030.306	570744.7487	11	3/12/10 11:27	100616	98.9
4843030.292	570743.4038	11	3/12/10 11:27	100617	98.2
4843030.286	570742.8724	11	3/12/10 11:27	100618	94.6
4843029.729	570742.7413	11	3/12/10 11:27	100619	96.1
4843029.522	570740.9959	11	3/12/10 11:27	100620	99.9
4843029.52	570740.867	11	3/12/10 11:27	100621	89
4843029.151	570740.5971	11	3/12/10 11:27	100622	80.9
4843029.873	570739.5183	11	3/12/10 11:27	100623	96.2
4843030.053	570738.7111	11	3/12/10 11:27	100624	96.5
4843030.239	570738.4433	11	3/12/10 11:27	100625	89.7
4843030.232	570737.7669	11	3/12/10 11:27	100626	81.5
4843029.483	570737.3721	11	3/12/10 11:27	100627	86.2
4843030.404	570736.1543	11	3/12/10 11:27	100628	93
4843031.128	570735.3413	11	3/12/10 11:27	100629	82
4843029.829	570735.355	11	3/12/10 11:27	100630	70.86
4843030.012	570734.8216	11	3/12/10 11:27	100631	84
4843030.189	570733.7405	11	3/12/10 11:27	100632	85.8
4843031.849	570733.1913	11	3/12/10 11:27	100633	90.8
4843031.646	570731.8485	11	3/12/10 11:27	100634	70.05
4843032.197	570731.44	11	3/12/10 11:27	100635	77.5
4843032.559	570729.9623	11	3/12/10 11:27	100636	84.8
4843033.466	570728.4709	11	3/12/10 11:27	100637	88.3
4843033.628	570726.9953	11	3/12/10 11:27	100638	96.3
4843033.443	570726.3288	11	3/12/10 11:27	100639	84
4843033.259	570725.7912	11	3/12/10 11:27	100640	93.2
4843033.987	570725.2439	11	3/12/10 11:27	100641	73.98
4843034.154	570724.3078	11	3/12/10 11:27	100642	86.3
4843033.778	570723.3696	11	3/12/10 11:27	100643	81.3
4843034.516	570722.8221	11	3/12/10 11:28	100644	82.1
4843035.424	570721.4756	11	3/12/10 11:28	100645	88.5
4843035.792	570720.5294	11	3/12/10 11:28	100646	79.26
4843036.523	570720.3848	11	3/12/10 11:28	100647	77.91
4843035.775	570718.9189	11	3/12/10 11:28	100648	86.4
4843035.77	570718.5162	11	3/12/10 11:28	100649	75.47
4843035.76	570717.574	11	3/12/10 11:28	100650	83.3
4843035.927	570716.5011	11	3/12/10 11:28	100651	82.8
4843036.283	570715.5551	11	3/12/10 11:28	100652	77.77
4843037.381	570714.3354	11	3/12/10 11:28	100653	77.64
4843037.195	570713.532	11	3/12/10 11:28	100654	79.53
4843037.733	570711.9156	11	3/12/10 11:28	100655	77.84
4843038.459	570711.2394	11	3/12/10 11:28	100656	79.67
4843039.007	570710.5651	11	3/12/10 11:28	100657	82.7
4843039	570709.8887	11	3/12/10 11:28	100658	84
4843038.81	570708.6827	11	3/12/10 11:28	100659	87
4843038.607	570707.3479	11	3/12/10 11:28	100660	82.7
4843039.152	570706.3999	11	3/12/10 11:28	100661	91.1
4843039.142	570705.4577	11	3/12/10 11:28	100662	94.7
4843040.071	570705.0452	11	3/12/10 11:28	100663	87.4
4843040.244	570704.6406	11	3/12/10 11:28	100664	83.1
4843040.402	570702.7625	11	3/12/10 11:28	100665	82.9
4843041.335	570702.7526	11	3/12/10 11:28	100666	74.38
4843041.133	570701.5467	11	3/12/10 11:28	100667	65.91
4843040.752	570700.2057	11	3/12/10 11:28	100668	71.27
4843040.37	570699.8071	11	3/12/10 11:28	100669	73.44
4843040.363	570699.1387	11	3/12/10 11:28	100670	67.47
4843040.732	570698.3294	11	3/12/10 11:28	100671	75.74
4843040.541	570698.0657	11	3/12/10 11:28	100672	77.5
4843040.911	570697.3853	11	3/12/10 11:28	100673	76.55
4843040.704	570695.6479	11	3/12/10 11:28	100674	77.64
4843041.436	570695.5032	11	3/12/10 11:28	100675	77.77
4843041.427	570694.6979	11	3/12/10 11:28	100676	72.35
4843041.988	570694.1524	11	3/12/10 11:28	100677	76.42
