4842303.824	569222.7546	11	3/16/10 10:01	100001	22.81
4842304.007	569223.2924	11	3/16/10 10:02	100002	22.95
4842302.882	569220.8877	11	3/16/10 10:02	100003	2.559
4842303.063	569221.1516	11	3/16/10 10:02	100004	0.121
4842304.733	569221.537	11	3/16/10 10:02	100005	9.94
4842305.666	569221.5273	11	3/16/10 10:02	100006	16.44
4842306.779	569222.8609	11	3/16/10 10:02	100007	20.58
4842307.719	569223.5197	11	3/16/10 10:02	100008	32.09
4842308.659	569224.1865	11	3/16/10 10:02	100009	23.42
4842308.842	569224.7162	11	3/16/10 10:02	100010	25.59
4842309.402	569225.1131	11	3/16/10 10:02	100011	30.33
4842310.149	569225.3792	11	3/16/10 10:02	100012	18.88
4842310.707	569225.6392	11	3/16/10 10:02	100013	31.62
4842311.447	569226.3001	11	3/16/10 10:02	100014	31.01
4842312.197	569226.832	11	3/16/10 10:02	100015	33.58
4842312.577	569227.0938	11	3/16/10 10:02	100016	33.72
4842313.323	569228.2943	11	3/16/10 10:02	100017	22.07
4842313.325	569228.5681	11	3/16/10 10:02	100018	28.98
4842313.882	569228.6912	11	3/16/10 10:02	100019	26.27
4842314.439	569228.8223	11	3/16/10 10:02	100020	31.41
4842314.998	569229.2193	11	3/16/10 10:02	100021	32.63
4842315.747	569229.6142	11	3/16/10 10:02	100022	36.7
4842316.306	569230.0111	11	3/16/10 10:02	100023	27.35
4842317.046	569230.672	11	3/16/10 10:02	100024	29.25
4842317.621	569231.4715	11	3/16/10 10:02	100025	32.9
4842318.182	569232.0053	11	3/16/10 10:02	100026	31.55
4842318.192	569232.9476	11	3/16/10 10:02	100027	37.37
4842318.372	569233.2115	11	3/16/10 10:02	100028	44.15
4842318.738	569233.2077	11	3/16/10 10:02	100029	46.59
4842319.488	569233.7396	11	3/16/10 10:02	100030	38.86
4842319.869	569235.0727	11	3/16/10 10:02	100031	30.33
4842319.878	569236.015	11	3/16/10 10:02	100032	37.1
4842320.441	569236.6777	11	3/16/10 10:02	100033	30.06
4842321.003	569237.3484	11	3/16/10 10:02	100034	35.21
4842321.568	569238.2769	11	3/16/10 10:02	100035	36.43
4842322.13	569238.9476	11	3/16/10 10:02	100036	34.94
4842322.694	569238.6679	11	3/16/10 10:02	100037	30.74
4842323.244	569239.2019	11	3/16/10 10:02	100038	31.55
4842323.623	569239.3349	11	3/16/10 10:02	100039	33.72
4842324.371	569239.7298	11	3/16/10 10:02	100040	31.14
4842324.921	569240.2557	11	3/16/10 10:02	100041	28.84
4842325.304	569240.7914	11	3/16/10 10:02	100042	20.98
4842326.231	569241.3214	11	3/16/10 10:02	100043	16.38
4842325.866	569241.4541	11	3/16/10 10:02	100044	10.69
4842326.431	569242.3906	11	3/16/10 10:02	100045	5.133
4842326.61	569242.5257	11	3/16/10 10:08	100046	0.121
4842347.62	569268.7505	11	3/16/10 10:08	100047	6.014
4842349.854	569269.9355	11	3/16/10 10:08	100048	11.23
4842350.593	569269.3882	11	3/16/10 10:08	100049	16.38
4842351.519	569269.7813	11	3/16/10 10:08	100050	10.42
4842352.642	569270.9778	11	3/16/10 10:08	100051	6.624
4842353.579	569272.4501	11	3/16/10 10:08	100052	8.79
4842353.025	569272.5847	11	3/16/10 10:08	100053	19.36
4842353.406	569272.8546	11	3/16/10 10:08	100054	12.18
4842357.504	569274.9546	11	3/16/10 10:08	100055	15.43
4842358.44	569276.29	11	3/16/10 10:08	100056	13.67
4842360.117	569277.3438	11	3/16/10 10:08	100057	4.862
4842361.233	569277.8719	11	3/16/10 10:08	100058	7.572
4842367.207	569283.0452	11	3/16/10 10:08	100059	2.153
4842370.024	569286.9063	11	3/16/10 10:08	100060	9.2
4842373.756	569290.0893	11	3/16/10 10:08	100061	16.38
4842373.207	569289.6923	11	3/16/10 10:08	100062	14.62
4842373.947	569290.3612	11	3/16/10 10:08	100063	10.28
4842374.508	569290.887	11	3/16/10 10:08	100064	15.9
4842375.434	569291.2801	11	3/16/10 10:08	100065	16.24
4842376.367	569291.2704	11	3/16/10 10:08	100066	17.73
4842377.472	569291.7986	11	3/16/10 10:08	100067	9.2
4842378.036	569292.5981	11	3/16/10 10:08	100068	18
4842378.98	569293.6596	11	3/16/10 10:08	100069	17.73
4842379.731	569294.3284	11	3/16/10 10:08	100070	19.22
4842380.293	569294.991	11	3/16/10 10:09	100071	22.07
4842381.035	569295.7888	11	3/16/10 10:09	100072	16.38
4842382.166	569296.7194	11	3/16/10 10:09	100073	25.86
4842382.883	569295.1011	11	3/16/10 10:09	100074	21.05
4842383.249	569295.0973	11	3/16/10 10:09	100075	26.67
4842383.439	569295.2242	11	3/16/10 10:09	100076	15.84
4842384.188	569295.6191	11	3/16/10 10:09	100077	24.51
4842384.747	569296.016	11	3/16/10 10:09	100078	29.18
4842385.68	569297.0856	11	3/16/10 10:09	100079	22.34
4842386.24	569297.4826	11	3/16/10 10:09	100080	33.18
4842386.056	569298.016	11	3/16/10 10:09	100081	36.16
4842386.44	569298.5517	11	3/16/10 10:09	100082	41.17
4842386.81	569298.9506	11	3/16/10 10:09	100083	37.38
4842386.823	569300.1586	11	3/16/10 10:09	100084	26.54
4842387.561	569300.6906	11	3/16/10 10:09	100085	38.46
4842388.5	569301.2124	11	3/16/10 10:09	100086	41.17
4842389.618	569301.8774	11	3/16/10 10:09	100087	42.79
4842389.808	569302.0043	11	3/16/10 10:09	100088	41.3
4842390.731	569302.1316	11	3/16/10 10:09	100089	35.07
4842391.292	569302.6655	11	3/16/10 10:09	100090	50.11
4842391.86	569303.8677	11	3/16/10 10:09	100091	48.35
4842392.04	569304.1317	11	3/16/10 10:09	100092	48.89
4842392.788	569304.5266	11	3/16/10 10:09	100093	51.67
4842392.975	569304.2589	11	3/16/10 10:09	100094	38.59
4842393.538	569305.0585	11	3/16/10 10:09	100095	43.34
4842394.296	569306.3876	11	3/16/10 10:09	100096	36.7
4842395.029	569306.38	11	3/16/10 10:09	100097	38.93
4842395.778	569306.775	11	3/16/10 10:09	100098	44.15
4842395.785	569307.4515	11	3/16/10 10:09	100099	44.69
4842396.159	569308.253	11	3/16/10 10:09	100100	47.26
4842396.161	569308.3819	11	3/16/10 10:09	100101	51.74
4842396.912	569309.0506	11	3/16/10 10:09	100102	46.99
4842398.027	569309.4418	11	3/16/10 10:09	100103	47.26
4842398.207	569309.7057	11	3/16/10 10:09	100104	45.37
4842398.036	569310.376	11	3/16/10 10:09	100105	40.08
4842399.339	569310.6363	11	3/16/10 10:09	100106	47.67
4842399.897	569310.8963	11	3/16/10 10:09	100107	52.41
4842400.634	569311.2914	11	3/16/10 10:09	100108	48.76
4842401.017	569311.8271	11	3/16/10 10:09	100109	51.33
4842401.019	569311.9559	11	3/16/10 10:09	100110	57.22
4842401.21	569312.2278	11	3/16/10 10:09	100111	49.97
4842401.393	569312.7575	11	3/16/10 10:09	100112	50.79
4842402.686	569313.1468	11	3/16/10 10:09	100113	60.54
4842402.329	569314.0928	11	3/16/10 10:09	100114	50.45
4842403.654	569316.4954	11	3/16/10 10:09	100115	53.9
4842404.567	569315.6805	11	3/16/10 10:09	100116	49.97
4842404.948	569315.9423	11	3/16/10 10:09	100117	57.97
4842405.307	569316.3413	11	3/16/10 10:09	100118	61.49
4842405.695	569317.2796	11	3/16/10 10:09	100119	65.96
4842406.063	569317.4127	11	3/16/10 10:09	100120	68.53
4842407.002	569318.0715	11	3/16/10 10:09	100121	51.4
4842407.57	569319.2738	11	3/16/10 10:09	100122	75.44
4842407.57	569319.2738	11	3/16/10 10:09	100123	65.96
4842408.499	569319.9326	11	3/16/10 10:09	100124	66.64
4842408.692	569320.3333	11	3/16/10 10:09	100125	59.19
4842409.624	569321.266	11	3/16/10 10:09	100126	56.75
4842410.943	569323.129	11	3/16/10 10:09	100127	65.01
4842410.943	569323.129	11	3/16/10 10:09	100128	79.24
4842411.133	569323.2639	11	3/16/10 10:09	100129	77.34
4842411.69	569323.3951	11	3/16/10 10:09	100130	78.69
4842412.442	569324.1927	11	3/16/10 10:09	100131	77.88
4842413.543	569324.3101	11	3/16/10 10:09	100132	82.9
4842413.551	569325.1155	11	3/16/10 10:10	100133	81.1
4842413.557	569325.6551	11	3/16/10 10:10	100134	78.08
4842413.94	569326.1908	11	3/16/10 10:10	100135	84.1
4842414.136	569326.8572	11	3/16/10 10:10	100136	76.8
4842415.609	569326.4392	11	3/16/10 10:10	100137	70.97
4842415.606	569326.1734	11	3/16/10 10:10	100138	79.24
4842415.973	569326.1696	11	3/16/10 10:10	100139	73.82
4842416.726	569327.0961	11	3/16/10 10:10	100140	72.46
4842416.925	569328.0364	11	3/16/10 10:10	100141	89
4842418.037	569329.233	11	3/16/10 10:10	100142	89.6
4842418.964	569328.6837	11	3/16/10 10:10	100143	74.9
4842421.011	569330.0076	11	3/16/10 10:10	100144	24.51
4842421.58	569331.3467	11	3/16/10 10:10	100145	0.121
4842422.877	569331.0594	11	3/16/10 10:10	100146	32.23
4842422.509	569332.0056	11	3/16/10 10:10	100147	31.01
4842422.517	569332.811	11	3/16/10 10:10	100148	25.86
4842422.526	569333.6163	11	3/16/10 10:10	100149	23.29
4842423.464	569334.1462	11	3/16/10 10:10	100150	28.98
4842424.208	569335.2097	11	3/16/10 10:10	100151	22.47
4842419.716	569240.6174	11	3/16/10 10:10	100152	9.06
4842419.329	569239.6791	11	3/16/10 10:10	100153	7.301
4842418.954	569238.8775	11	3/16/10 10:10	100154	7.572
4842418.762	569238.6137	11	3/16/10 10:10	100155	12.04
4842418.389	569236.8698	11	3/16/10 10:10	100156	8.93
4842418.382	569236.2014	11	3/16/10 10:10	100157	9.74
4842418.727	569235.2554	11	3/16/10 10:10	100158	4.049
4842398.437	569260.1687	11	3/16/10 10:10	100159	29.52
4842398.259	569260.1706	11	3/16/10 10:10	100160	29.11
4842398.257	569259.9048	11	3/16/10 10:10	100161	31.95
4842398.427	569259.2265	11	3/16/10 10:10	100162	29.25
4842398.609	569258.5561	11	3/16/10 10:10	100163	26.88
4842399.343	569257.6061	11	3/16/10 10:10	100164	26.81
4842399.342	569257.4772	11	3/16/10 10:10	100165	26.81
4842399.335	569256.8007	11	3/16/10 10:10	100166	13.06
4842399.875	569255.3212	11	3/16/10 10:10	100167	13.8
4842399.861	569253.9762	11	3/16/10 10:10	100168	8.38
4842400.223	569253.5698	11	3/16/10 10:10	100169	8.52
4842400.214	569252.6355	11	3/16/10 10:10	100170	10.15
4842399.092	569251.5679	11	3/16/10 10:10	100171	2.966
4842364.696	569219.8439	11	3/16/10 10:10	100172	6.759
4842364.313	569218.237	11	3/16/10 10:10	100173	9.06
4842362.82	569217.8498	11	3/16/10 10:10	100174	0.121
4842363.938	569217.4354	11	3/16/10 10:10	100175	21.12
4842364.1	569215.9598	11	3/16/10 10:10	100176	20.44
4842364.646	569215.0118	11	3/16/10 10:10	100177	22.88
4842365.386	569215.6726	11	3/16/10 10:10	100178	21.66
4842364.832	569214.744	11	3/16/10 10:10	100179	14.48
4842363.698	569212.4683	11	3/16/10 10:10	100180	27.62
4842364.056	569211.6592	11	3/16/10 10:10	100181	35.14
4842364.057	569211.7961	11	3/16/10 10:10	100182	34.66
4842364.238	569210.9888	11	3/16/10 10:10	100183	30.19
4842364.229	569210.1834	11	3/16/10 10:10	100184	37.51
4842364.025	569208.7116	11	3/16/10 10:10	100185	36.7
4842363.835	569207.5054	11	3/16/10 10:10	100186	37.64
4842364.19	569206.4224	11	3/16/10 10:10	100187	41.71
4842364.371	569205.6151	11	3/16/10 10:10	100188	37.64
4842364.923	569205.3436	11	3/16/10 10:10	100189	29.65
4842365.263	569203.8661	11	3/16/10 10:10	100190	33.99
4842365.449	569202.5191	11	3/16/10 10:10	100191	29.38
4842365.067	569202.1203	11	3/16/10 10:10	100192	33.24
4842365.442	569201.8506	11	3/16/10 10:10	100193	33.92
4842365.616	569201.4461	11	3/16/10 10:10	100194	25.05
4842365.431	569200.7714	11	3/16/10 10:10	100195	27.35
4842365.052	569200.6465	11	3/16/10 10:10	100196	34.53
4842365.215	569199.1628	11	3/16/10 10:10	100197	34.8
4842365.019	569197.4251	11	3/16/10 10:10	100198	45.37
4842364.654	569197.5577	11	3/16/10 10:10	100199	38.05
4842365.194	569197.1494	11	3/16/10 10:10	100200	40.08
4842365.938	569197.1417	11	3/16/10 10:10	100201	43.94
4842365.924	569195.8048	11	3/16/10 10:10	100202	40.69
4842366.482	569194.9936	11	3/16/10 10:10	100203	43.33
4842365.159	569193.7991	11	3/16/10 10:11	100204	38.19
4842365.346	569192.589	11	3/16/10 10:11	100205	35.07
4842365.523	569192.4502	11	3/16/10 10:11	100206	36.7
4842364.962	569191.9164	11	3/16/10 10:11	100207	38.73
4842365.685	569189.8953	11	3/16/10 10:11	100208	37.64
4842365.861	569189.7646	11	3/16/10 10:11	100209	31.28
4842366.043	569189.0861	11	3/16/10 10:11	100210	28.43
4842365.485	569188.8261	11	3/16/10 10:11	100211	29.79
4842364.738	569187.4888	11	3/16/10 10:11	100212	31.14
4842365.46	569186.4101	11	3/16/10 10:11	100213	32.36
4842365.453	569185.7416	11	3/16/10 10:11	100214	40.08
4842364.702	569184.0016	11	3/16/10 10:11	100215	44.42
4842364.32	569183.6028	11	3/16/10 10:11	100216	25.72
4842364.867	569182.7917	11	3/16/10 10:11	100217	38.73
4842365.789	569182.7822	11	3/16/10 10:11	100218	39.68
4842365.782	569182.1137	11	3/16/10 10:11	100219	30.06
4842364.482	569181.0479	11	3/16/10 10:11	100220	25.99
4842364.48	569180.7821	11	3/16/10 10:11	100221	23.28
4842364.659	569179.8379	11	3/16/10 10:11	100222	26.13
4842364.271	569178.9076	11	3/16/10 10:11	100223	28.84
4842364.645	569178.501	11	3/16/10 10:11	100224	26.54
4842364.073	569176.896	11	3/16/10 10:11	100225	26.13
4842363.878	569176.3584	11	3/16/10 10:11	100226	25.86
4842364.237	569175.5492	11	3/16/10 10:11	100227	20.58
4842364.049	569174.6088	11	3/16/10 10:11	100228	22.61
4842363.485	569173.8092	11	3/16/10 10:11	100229	23.83
4842363.653	569172.8732	11	3/16/10 10:11	100230	33.99
4842362.912	569172.0754	11	3/16/10 10:11	100231	38.46
4842381.778	569171.4772	11	3/16/10 10:11	100232	17.6
4842311.643	569226.9746	11	3/16/10 10:11	100233	32.5
4829100.941	563961.9666	11	3/16/10 13:43	100001	-0.15
