4844806.808	572488.0041	11	4/14/2010 12:23	100002	150.8
4844806.454	572490.1537	11	4/14/2010 12:23	100003	165
4844805.176	572491.1072	11	4/14/2010 12:23	100004	200
4844805.938	572492.7101	11	4/14/2010 12:23	100005	206
4844806.117	572492.8418	11	4/14/2010 12:23	100006	198
4844805.94	572492.9782	11	4/14/2010 12:23	100007	172
4844806.13	572494.0494	11	4/14/2010 12:23	100008	153.5
4844805.955	572494.3194	11	4/14/2010 12:23	100009	133.3
4844805.406	572494.8624	11	4/14/2010 12:23	100010	131.3
4844805.23	572496.0729	11	4/14/2010 12:23	100011	116.5
4844805.786	572497.1393	11	4/14/2010 12:23	100012	122.2
4844805.457	572499.5584	11	4/14/2010 12:23	100013	128
4844805.092	572500.7709	11	4/14/2010 12:23	100014	139.8
4844805.833	572501.4336	11	4/14/2010 12:23	100015	135.7
4844806.394	572501.9645	11	4/14/2010 12:23	100016	135.3
4844807.54	572504.2323	11	4/14/2010 12:23	100017	141.8
4844805.703	572505.8634	11	4/14/2010 12:23	100018	145.3
4844807.01	572506.5199	11	4/14/2010 12:23	100019	142.8
4844807.199	572507.5911	11	4/14/2010 12:23	100020	146
4844806.849	572509.0716	11	4/14/2010 12:23	100021	138.4
4844806.113	572508.8114	11	4/14/2010 12:23	100022	130.3
4844805.917	572509.2161	11	4/14/2010 12:23	100023	121
4844806.308	572510.4188	11	4/14/2010 12:24	100024	116.1
4844806.143	572511.6284	11	4/14/2010 12:24	100025	108.9
4844806.322	572511.7609	11	4/14/2010 12:24	100026	109.7
4844806.505	572512.1615	11	4/14/2010 12:24	100027	105.9
4844806.336	572512.9685	11	4/14/2010 12:24	100028	100.6
4844806.715	572514.1721	11	4/14/2010 12:24	100029	100.6
4844806.177	572514.715	11	4/14/2010 12:24	100030	108.8
4844805.811	572515.7923	11	4/14/2010 12:24	100031	112.3
4844804.532	572517.6846	11	4/14/2010 12:24	100032	113
4844804.539	572518.3552	11	4/14/2010 12:24	100033	112.3
4844803.078	572519.8478	11	4/14/2010 12:24	100034	111.7
4844803.287	572521.724	11	4/14/2010 12:24	100035	113.8
4844805.131	572521.7039	11	4/14/2010 12:24	100036	124.1
4844803.661	572522.3914	11	4/14/2010 12:24	100037	135.6
4844803.292	572522.1265	11	4/14/2010 12:24	100038	142.5
4844803.122	572523.8739	11	4/14/2010 12:24	100039	142.9
4844802.589	572525.8918	11	4/14/2010 12:24	100040	140.6
4844802.589	572525.8918	11	4/14/2010 12:24	100041	135.9
4844802.038	572526.2996	11	4/14/2010 12:24	100042	127.5
4844801.858	572527.1075	11	4/14/2010 12:24	100043	120.4
4844802.264	572529.7867	11	4/14/2010 12:24	100044	111.2
4844802.624	572529.1121	11	4/14/2010 12:24	100045	110.1
4844802.457	572531.1268	11	4/14/2010 12:24	100046	111.5
4844803.582	572532.456	11	4/14/2010 12:24	100047	109.6
4844802.481	572533.4076	11	4/14/2010 12:24	100048	114.6
4844802.495	572534.6152	11	4/14/2010 12:24	100049	112.7
4844801.573	572534.6252	11	4/14/2010 12:24	100050	115.9
4844801.592	572536.3698	11	4/14/2010 12:24	100051	115.9
4844799.933	572537.0593	11	4/14/2010 12:24	100052	122.5
4844799.391	572538.273	11	4/14/2010 12:24	100053	125
4844799.956	572539.2057	11	4/14/2010 12:24	100054	107.7
4844798.663	572539.756	11	4/14/2010 12:24	100055	101.9
4844799.225	572540.4214	11	4/14/2010 12:24	100056	94.2
4844798.879	572542.3044	11	4/14/2010 12:24	100057	109.6
4844799.07	572542.436	11	4/14/2010 12:24	100058	96
4844799.08	572543.3755	11	4/14/2010 12:24	100059	97.8
4844799.083	572543.6436	11	4/14/2010 12:24	100060	102.4
4844798.539	572544.7228	11	4/14/2010 12:24	100061	105.1
4844798.726	572545.5267	11	4/14/2010 12:24	100062	103.4
4844798.554	572546.0648	11	4/14/2010 12:24	100063	86.7
4844797.468	572548.3577	11	4/14/2010 12:24	100064	110.1
4844796.376	572550.1143	11	4/14/2010 12:24	100065	103.6
4844794.71	572550.1324	11	4/14/2010 12:24	100066	100.4
4844795.827	572551.7314	11	4/14/2010 12:24	100067	89.5
4844795.094	572551.7394	11	4/14/2010 12:24	100068	102.3
4844794.919	572552.9482	11	4/14/2010 12:24	100069	106.9
4844794.009	572554.0314	11	4/14/2010 12:24	100070	112
4844793.461	572554.7081	11	4/14/2010 12:24	100071	106.6
4844794.398	572556.1746	11	4/14/2010 12:24	100072	102.7
4844793.126	572557.6643	11	4/14/2010 12:24	100073	109.1
4844793.698	572559.1347	11	4/14/2010 12:24	100074	120.3
4844793.516	572559.8082	11	4/14/2010 12:24	100075	113.9
4844792.622	572562.3663	11	4/14/2010 12:24	100076	118
4844792.264	572563.1753	11	4/14/2010 12:24	100077	123.3
4844791.336	572563.5888	11	4/14/2010 12:24	100078	135.6
4844791.539	572564.9288	11	4/14/2010 12:24	100079	139.7
4844790.983	572565.8737	11	4/14/2010 12:24	100080	124.1
4844790.801	572565.4739	11	4/14/2010 12:24	100081	140.1
4844790.449	572566.8191	11	4/14/2010 12:24	100082	136.9
4844790.466	572568.4285	11	4/14/2010 12:25	100083	128.5
4844789.533	572568.4386	11	4/14/2010 12:25	100084	128
4844789.391	572571.6616	11	4/14/2010 12:25	100085	121.8
4844789.388	572571.3927	11	4/14/2010 12:25	100086	129
4844788.301	572573.5528	11	4/14/2010 12:25	100087	132.3
4844786.632	572574.3753	11	4/14/2010 12:25	100088	134.5
4844787.027	572575.9813	11	4/14/2010 12:25	100089	133
4844786.493	572577.8656	11	4/14/2010 12:25	100090	127.6
4844785.953	572579.3481	11	4/14/2010 12:25	100091	113.8
4844786.343	572580.4172	11	4/14/2010 12:25	100092	107.8
4844785.055	572581.5045	11	4/14/2010 12:25	100093	91
4844784.875	572582.3116	11	4/14/2010 12:25	100094	71.51
4844783.963	572583.2611	11	4/14/2010 12:25	100095	79.64
4844783.601	572583.6677	11	4/14/2010 12:25	100096	90.6
4844781.947	572584.7589	11	4/14/2010 12:25	100097	98.9
4844781.748	572584.8956	11	4/14/2010 12:25	100098	95.6
4844781.03	572586.2456	11	4/14/2010 12:25	100099	102
4844780.688	572588.5304	11	4/14/2010 12:25	100100	80
4844778.646	572588.687	11	4/14/2010 12:25	100101	69.01
4844779.207	572589.2172	11	4/14/2010 12:25	100102	66.77
4844779.209	572589.3516	11	4/14/2010 12:25	100103	64.61
4844737.246	572662.9445	11	4/14/2010 12:25	100104	155.6
4844736.315	572662.1494	11	4/14/2010 12:25	100105	153.3
4844736.843	572660.6678	11	4/14/2010 12:25	100106	156.9
4844736.654	572659.5958	11	4/14/2010 12:25	100107	141.3
4844736.471	572659.0615	11	4/14/2010 12:25	100108	139.1
4844736.46	572658.122	11	4/14/2010 12:25	100109	134.5
4844736.081	572656.9192	11	4/14/2010 12:25	100110	135.2
4844736.808	572657.4475	11	4/14/2010 12:25	100111	117.7
4844735.136	572655.8554	11	4/14/2010 12:25	100112	129
4844735.491	572654.7774	11	4/14/2010 12:25	100113	124.3
4844734.556	572653.5798	11	4/14/2010 12:25	100114	116.4
4844734.541	572652.2394	11	4/14/2010 12:25	100115	130
4844734.352	572651.1674	11	4/14/2010 12:25	100116	123.5
4844734.513	572649.6889	11	4/14/2010 12:25	100117	128.5
4844734.676	572648.3457	11	4/14/2010 12:25	100118	123.7
4844732.259	572646.6272	11	4/14/2010 12:25	100119	128.1
4844732.811	572646.3523	11	4/14/2010 12:25	100120	129.4
4844732.25	572645.8214	11	4/14/2010 12:25	100121	143.2
4844730.754	572644.0937	11	4/14/2010 12:25	100122	139.8
4844732.241	572645.0171	11	4/14/2010 12:25	100123	143.6
4844733.347	572644.6025	11	4/14/2010 12:25	100124	150.5
4844732.785	572643.9379	11	4/14/2010 12:25	100125	141.1
4844731.844	572642.2033	11	4/14/2010 12:25	100126	142.2
4844732.954	572642.1912	11	4/14/2010 12:25	100127	137.5
4844730.902	572641.4084	11	4/14/2010 12:25	100128	133.3
4844730.505	572638.5946	11	4/14/2010 12:25	100129	133.3
4844730.304	572637.5235	11	4/14/2010 12:25	100130	138.4
4844728.813	572636.1975	11	4/14/2010 12:25	100131	138.3
4844728.612	572635.1264	11	4/14/2010 12:25	100132	142.5
4844728.423	572634.0544	11	4/14/2010 12:25	100133	139.9
4844727.837	572632.316	11	4/14/2010 12:25	100134	141.8
4844727.078	572630.9828	11	4/14/2010 12:25	100135	133
4844727.265	572629.7738	11	4/14/2010 12:25	100136	127.9
4844726.708	572629.6454	11	4/14/2010 12:25	100137	125.4
4844726.7	572628.8403	11	4/14/2010 12:25	100138	135.7
4844726.505	572628.3054	11	4/14/2010 12:25	100139	142.2
4844726.495	572627.3659	11	4/14/2010 12:25	100140	138.4
4844726.299	572626.6965	11	4/14/2010 12:25	100141	117.2
4844726.485	572626.4263	11	4/14/2010 12:25	100142	143.7
4844726.275	572624.5502	11	4/14/2010 12:25	100143	150.5
4844726.101	572624.8202	11	4/14/2010 12:25	100144	142.1
4844725.15	572623.221	11	4/14/2010 12:25	100145	146.7
4844725.337	572623.0845	11	4/14/2010 12:25	100146	123.4
4844725.496	572620.2647	11	4/14/2010 12:25	100147	128.3
4844726.403	572618.9126	11	4/14/2010 12:25	100148	140.3
4844726.393	572617.973	11	4/14/2010 12:25	100149	135.3
4844725.825	572616.9059	11	4/14/2010 12:25	100150	135.6
4844725.055	572614.4988	11	4/14/2010 12:25	100151	147.4
4844725.424	572613.6896	11	4/14/2010 12:25	100152	113.4
4844723.915	572611.8276	11	4/14/2010 12:25	100153	156.7
4844724.101	572611.5566	11	4/14/2010 12:26	100154	157.3
4844724.466	572610.3449	11	4/14/2010 12:26	100155	159
4844724.458	572609.6742	11	4/14/2010 12:26	100156	144.9
4844725.177	572608.3242	11	4/14/2010 12:26	100157	143.5
4844724.605	572606.8545	11	4/14/2010 12:26	100158	152.3
4844724.589	572605.378	11	4/14/2010 12:26	100159	143.2
4844724.735	572602.4255	11	4/14/2010 12:26	100160	108.4
4844724.178	572602.2971	11	4/14/2010 12:26	100161	116.5
4844724.174	572601.8945	11	4/14/2010 12:26	100162	110.7
4844723.624	572601.3635	11	4/14/2010 12:26	100163	113.8
4844723.227	572599.623	11	4/14/2010 12:26	100164	115.3
4844723.588	572598.1432	11	4/14/2010 12:26	100165	113.1
4844724.125	572597.4658	11	4/14/2010 12:26	100166	116.4
4844724.666	572596.1177	11	4/14/2010 12:26	100167	125.2
4844725.406	572595.7079	11	4/14/2010 12:26	100168	129.6
4844723.7	572592.1031	11	4/14/2010 12:26	100169	144
4844722.948	572591.3054	11	4/14/2010 12:26	100170	140.6
4844724.42	572589.8135	11	4/14/2010 12:26	100171	141
4844725.159	572589.4028	11	4/14/2010 12:26	100172	132.7
4844726.433	572588.0475	11	4/14/2010 12:26	100173	142.9
4844727.733	572588.0334	11	4/14/2010 12:26	100174	140.6
4844729.204	572587.4803	11	4/14/2010 12:26	100175	151.3
4844729.381	572586.4051	11	4/14/2010 12:26	100176	147.5
4844730.858	572586.389	11	4/14/2010 12:26	100177	147.8
4844731.411	572586.1141	11	4/14/2010 12:26	100178	130.6
4844731.406	572585.7116	11	4/14/2010 12:26	100179	117.6
4844731.76	572584.5008	11	4/14/2010 12:26	100180	132.9
4844732.319	572583.8232	11	4/14/2010 12:26	100181	132.3
4844733.058	572583.4125	11	4/14/2010 12:26	100182	120
4844735.076	572582.0483	11	4/14/2010 12:26	100183	93.5
4844735.25	572580.705	11	4/14/2010 12:26	100184	128.4
4844735.044	572579.0969	11	4/14/2010 12:26	100185	131.1
4844735.226	572578.4235	11	4/14/2010 12:26	100186	134
4844734.831	572576.8174	11	4/14/2010 12:26	100187	97.3
4844733.895	572576.5595	11	4/14/2010 12:26	100188	110.1
4844734.618	572574.6723	11	4/14/2010 12:26	100189	120.3
4844734.99	572574.1328	11	4/14/2010 12:26	100190	129.9
4844734.981	572573.327	11	4/14/2010 12:26	100191	123.7
4844736.069	572571.1685	11	4/14/2010 12:26	100192	118.7
4844735.512	572571.0401	11	4/14/2010 12:26	100193	73.55
4844735.31	572569.8346	11	4/14/2010 12:26	100194	123.4
4844735.673	572569.5617	11	4/14/2010 12:26	100195	122.6
4844736.391	572567.1384	11	4/14/2010 12:26	100196	129.4
4844736.012	572565.9355	11	4/14/2010 12:26	100197	132.3
4844735.8	572564.8637	11	4/14/2010 12:26	100198	122.5
4844736.524	572562.9766	11	4/14/2010 12:26	100199	125.6
4844736.522	572562.843	11	4/14/2010 12:26	100200	121.5
4844737.243	572560.6877	11	4/14/2010 12:26	100201	131.4
4844738.153	572559.6045	11	4/14/2010 12:26	100202	128.8
4844738.516	572558.2584	11	4/14/2010 12:26	100203	134.4
4844738.317	572557.3217	11	4/14/2010 12:26	100204	124.1
4844738.303	572555.9796	11	4/14/2010 12:26	100205	134.5
4844738.106	572555.3103	11	4/14/2010 12:26	100206	133.4
4844739.209	572553.5543	11	4/14/2010 12:26	100207	122.7
4844739.013	572552.8857	11	4/14/2010 12:26	100208	127.5
4844738.073	572552.2252	11	4/14/2010 12:27	100209	135.2
4844738.247	572550.8811	11	4/14/2010 12:27	100210	131.9
4844739.168	572549.797	11	4/14/2010 12:27	100211	125.2
4844740.266	572548.5773	11	4/14/2010 12:27	100212	123.7
4844741.177	572547.6285	11	4/14/2010 12:27	100213	134.8
4844741.528	572546.1488	11	4/14/2010 12:27	100214	131.1
4844741.897	572545.3389	11	4/14/2010 12:27	100215	126.5
4844741.894	572545.0708	11	4/14/2010 12:27	100216	122.2
4844742.244	572543.5911	11	4/14/2010 12:27	100217	110
4844744.266	572541.5554	11	4/14/2010 12:27	100218	126.7
4844743.516	572541.0273	11	4/14/2010 12:27	100219	105
4844744.423	572539.6752	11	4/14/2010 12:27	100220	77.07
4844743.112	572538.617	11	4/14/2010 12:27	100221	93.1
4844743.847	572537.803	11	4/14/2010 12:27	100222	93.7
4844744.58	572536.7217	11	4/14/2010 12:27	100223	84.5
4844745.131	572536.3132	11	4/14/2010 12:27	100224	95.6
4844744.936	572535.7782	11	4/14/2010 12:27	100225	88.7
4844745.112	572534.5686	11	4/14/2010 12:27	100226	89.3
4844745.279	572533.6271	11	4/14/2010 12:27	100227	84.4
4844745.644	572532.4154	11	4/14/2010 12:27	100228	89.7
4844746.19	572531.6051	11	4/14/2010 12:27	100229	75.85
4844746.733	572530.3906	11	4/14/2010 12:27	100230	85.6
4844747.093	572529.8504	11	4/14/2010 12:27	100231	97.4
4844746.722	572529.4519	11	4/14/2010 12:27	100232	90.2
4844746.908	572529.1818	11	4/14/2010 12:27	100233	79.91
4844746.711	572528.3779	11	4/14/2010 12:27	100234	83
4844746.882	572526.7657	11	4/14/2010 12:27	100235	73.28
4844745.389	572526.3794	11	4/14/2010 12:27	100236	57.43
4844745.011	572525.3102	11	4/14/2010 12:27	100237	85.9
4844744.07	572523.5764	11	4/14/2010 12:27	100238	94.4
4844744.062	572522.7705	11	4/14/2010 12:27	100239	94.5
4844745.512	572520.3393	11	4/14/2010 12:27	100240	111.6
4844744.954	572520.0772	11	4/14/2010 12:27	100241	112
4844746.606	572518.717	11	4/14/2010 12:27	100242	116.4
4844746.603	572518.4481	11	4/14/2010 12:27	100243	122.9
4844746.23	572517.9167	11	4/14/2010 12:27	100244	131.8
4844747.868	572516.2886	11	4/14/2010 12:27	100245	151.6
4844747.312	572516.2946	11	4/14/2010 12:27	100246	148.1
4844745.082	572515.5137	11	4/14/2010 12:27	100247	157.5
4844744.903	572515.3812	11	4/14/2010 12:27	100248	182
4844745.626	572514.4337	11	4/14/2010 12:27	100249	181
4844744.884	572513.6366	11	4/14/2010 12:27	100250	180
4844745.236	572512.2906	11	4/14/2010 12:27	100251	177
4844745.23	572511.7544	11	4/14/2010 12:27	100252	158.1
4844745.229	572511.6199	11	4/14/2010 12:27	100253	149.7
4844744.672	572511.4915	11	4/14/2010 12:27	100254	122.9
4844744.114	572511.2295	11	4/14/2010 12:27	100255	127.5
4844743.725	572509.2208	11	4/14/2010 12:27	100256	114.2
4844744.439	572507.469	11	4/14/2010 12:27	100257	126.4
4844745.713	572505.0388	11	4/14/2010 12:27	100258	122.2
4844746.253	572503.6916	11	4/14/2010 12:27	100259	125.1
4844744.563	572501.4289	11	4/14/2010 12:27	100260	117.2
4844742.68	572498.8994	11	4/14/2010 12:28	100261	112.3
4844742.864	572498.4948	11	4/14/2010 12:28	100262	112.6
4844742.859	572497.9578	11	4/14/2010 12:28	100263	118
4844743.043	572497.5532	11	4/14/2010 12:28	100264	113.9
4844744.308	572495.3921	11	4/14/2010 12:28	100265	115.1
4844744.677	572494.5829	11	4/14/2010 12:28	100266	113.1
4844745.221	572493.5037	11	4/14/2010 12:28	100267	124.9
4844745.388	572492.5622	11	4/14/2010 12:28	100268	116.4
4844745.936	572490.8115	11	4/14/2010 12:28	100269	107.7
4844746.097	572489.3347	11	4/14/2010 12:28	100270	92.7
4844745.165	572488.4052	11	4/14/2010 12:28	100271	94.3
4844744.043	572487.3433	11	4/14/2010 12:28	100272	95.5
4844744.962	572487.0651	11	4/14/2010 12:28	100273	95.5
4844745.696	572486.1175	11	4/14/2010 12:28	100274	85.2
4844746.235	572484.6358	11	4/14/2010 12:28	100275	78.29
4844747.141	572483.1493	11	4/14/2010 12:28	100276	97.9
4844747.876	572482.3369	11	4/14/2010 12:28	100277	115
4844747.49	572481.5359	11	4/14/2010 12:28	100278	121.2
4844748.583	572479.9137	11	4/14/2010 12:28	100279	150.3
4844749.887	572480.3021	11	4/14/2010 12:28	100280	175
4844749.504	572478.8296	11	4/14/2010 12:28	100281	220
4844748.756	572477.4955	11	4/14/2010 12:28	100282	222
4844749.289	572476.4164	11	4/14/2010 12:28	100283	225
4844751.464	572472.0989	11	4/14/2010 12:28	100284	232
4844750.882	572469.6897	11	4/14/2010 12:28	100285	230
4844751.055	572469.2852	11	4/14/2010 12:28	100286	219
4844750.688	572468.2159	11	4/14/2010 12:28	100287	200
4844751.236	572467.5384	11	4/14/2010 12:28	100288	122
4844751.034	572467.2725	11	4/14/2010 12:28	100289	96.4
4844752.324	572465.38	11	4/14/2010 12:28	100290	78.42
4844751.744	572464.1778	11	4/14/2010 12:28	100291	68.53
4844750.981	572462.4421	11	4/14/2010 12:28	100292	48.89
4844750.978	572462.174	11	4/14/2010 12:28	100293	70.3
4844750.229	572460.7062	11	4/14/2010 12:28	100294	79.78
4844566.1	572416.0023	11	4/14/2010 12:28	100295	149.1
4844564.241	572415.6199	11	4/14/2010 12:28	100296	144.8
4844564.243	572415.7568	11	4/14/2010 12:28	100297	153.6
4844564.243	572415.7568	11	4/14/2010 12:28	100298	152.4
4844562.056	572419.0013	11	4/14/2010 12:28	100299	156.6
4844562.824	572421.1428	11	4/14/2010 12:28	100300	156.6
4844564.689	572422.0566	11	4/14/2010 12:28	100301	145.2
4844565.429	572422.7249	11	4/14/2010 12:28	100302	149.8
4844563.778	572424.0794	11	4/14/2010 12:28	100303	140.6
4844563.779	572424.2163	11	4/14/2010 12:28	100304	141.8
4844566.005	572424.5947	11	4/14/2010 12:28	100305	148.7
4844565.646	572426.3459	11	4/14/2010 12:28	100306	146.4
4844565.47	572426.4766	11	4/14/2010 12:28	100307	133.8
4844565.294	572426.6154	11	4/14/2010 12:28	100308	121
4844565.294	572426.6154	11	4/14/2010 12:28	100309	119.9
4844563.832	572429.0469	11	4/14/2010 12:28	100310	115.5
4844564.216	572430.6531	11	4/14/2010 12:28	100311	113.2
4844565.142	572431.0456	11	4/14/2010 12:28	100312	123.7
4844565.533	572432.2492	11	4/14/2010 12:28	100313	126.2
4844562.224	572434.435	11	4/14/2010 12:28	100314	129.2
4844561.68	572435.5118	11	4/14/2010 12:29	100315	127.2
4844562.246	572436.4477	11	4/14/2010 12:29	100316	134
4844565.024	572436.5464	11	4/14/2010 12:29	100317	121.6
4844564.654	572436.2847	11	4/14/2010 12:29	100318	134.9
4844564.659	572436.6872	11	4/14/2010 12:29	100319	129.5
4844564.476	572437.2287	11	4/14/2010 12:29	100320	136.9
4844564.293	572437.7621	11	4/14/2010 12:29	100321	137.2
4844564.125	572438.706	11	4/14/2010 12:29	100322	136
4844561.923	572440.4772	11	4/14/2010 12:29	100323	121.4
4844561.935	572441.548	11	4/14/2010 12:29	100324	115.4
4844560.82	572442.2284	11	4/14/2010 12:29	100325	143.7
4844561.223	572444.5107	11	4/14/2010 12:29	100326	148.3
4844560.669	572444.6456	11	4/14/2010 12:29	100327	157.8
4844560.678	572445.4507	11	4/14/2010 12:29	100328	159
4844560.503	572445.7264	11	4/14/2010 12:29	100329	157.5
4844558.486	572447.2218	11	4/14/2010 12:29	100330	149.3
4844560.711	572448.5423	11	4/14/2010 12:29	100331	142.6
4844557.959	572450.8508	11	4/14/2010 12:29	100332	145.6
4844557.407	572451.1226	11	4/14/2010 12:29	100333	149.8
4844557.22	572451.2615	11	4/14/2010 12:29	100334	147.2
4844557.41	572451.3963	11	4/14/2010 12:29	100335	149.3
4844556.68	572452.7408	11	4/14/2010 12:29	100336	157.4
4844557.618	572453.1333	11	4/14/2010 12:29	100337	153.3
4844556.5	572453.548	11	4/14/2010 12:29	100338	158.4
4844558.359	572453.9304	11	4/14/2010 12:29	100339	162
4844558.361	572454.0673	11	4/14/2010 12:29	100340	167
4844558.919	572454.3269	11	4/14/2010 12:29	100341	174
4844557.285	572457.2997	11	4/14/2010 12:29	100342	177
4844556.191	572457.8511	11	4/14/2010 12:29	100343	186
4844557.487	572458.5053	11	4/14/2010 12:29	100345	188
4844557.686	572459.4428	11	4/14/2010 12:29	100346	169
4844559.169	572459.9629	11	4/14/2010 12:29	100347	151
4844558.441	572461.4476	11	4/14/2010 12:29	100348	156.4
4844558.823	572461.846	11	4/14/2010 12:29	100349	142.2
4844559.948	572463.1761	11	4/14/2010 12:29	100350	142
4844559.402	572465.0597	11	4/14/2010 12:29	100351	135.9
4844559.407	572465.4622	11	4/14/2010 12:29	100352	122
4844559.595	572465.4602	11	4/14/2010 12:29	100353	151.2
4844559.058	572467.0772	11	4/14/2010 12:29	100354	159
4844557.421	572469.7787	11	4/14/2010 12:29	100355	157.9
4844558.365	572470.8418	11	4/14/2010 12:29	100356	159
4844559.851	572471.6308	11	4/14/2010 12:29	100357	159
4844560.622	572474.038	11	4/14/2010 12:29	100358	158.4
4844561.004	572475.5106	11	4/14/2010 12:29	100359	159
4844561.014	572476.4501	11	4/14/2010 12:29	100360	159
4844561.765	572478.0516	11	4/14/2010 12:29	100361	159
4844561.6	572479.2611	11	4/14/2010 12:29	100362	154.2
4844562.718	572479.9197	11	4/14/2010 12:29	100363	159
4844563.101	572481.3923	11	4/14/2010 12:29	100364	157.9
4844562.207	572483.952	11	4/14/2010 12:29	100365	165.3
4844562.758	572483.5435	11	4/14/2010 12:29	100366	162.2
4844561.095	572483.8297	11	4/14/2010 12:29	100367	160
4844558.197	572489.0949	11	4/14/2010 12:29	100368	154.2
4844557.28	572490.5816	11	4/14/2010 12:29	100369	148.6
4844557.66	572491.7845	11	4/14/2010 12:29	100370	142.6
4844555.45	572492.8818	11	4/14/2010 12:29	100371	140.7
4844555.638	572492.7453	11	4/14/2010 12:29	100372	107.9
4844556.385	572493.0061	11	4/14/2010 12:29	100373	108.9
4844556.38	572492.6036	11	4/14/2010 12:29	100374	119.9
4844554.911	572494.3644	11	4/14/2010 12:29	100375	115.1
4844555.11	572495.3019	11	4/14/2010 12:29	100376	103.6
4844553.649	572496.7937	11	4/14/2010 12:29	100377	104.8
4844554.385	572497.0538	11	4/14/2010 12:29	100378	95
4844554.033	572498.3999	11	4/14/2010 12:29	100379	99.4
4844552.745	572499.4872	11	4/14/2010 12:29	100380	96.6
4844552.94	572500.0222	11	4/14/2010 12:30	100381	110.3
4844552.753	572500.1587	11	4/14/2010 12:30	100382	110
4844552.941	572500.1566	11	4/14/2010 12:30	100383	119.1
4844553.686	572500.1485	11	4/14/2010 12:30	100384	136
4844553.508	572501.2238	11	4/14/2010 12:30	100385	148.6
4844554.448	572502.8239	11	4/14/2010 12:30	100386	148.2
4844557.448	572506.0121	11	4/14/2010 12:30	100387	142.1
4844559.137	572507.0671	11	4/14/2010 12:30	100388	139.1
4844557.094	572508.1634	11	4/14/2010 12:30	100389	149.4
4844557.283	572508.1613	11	4/14/2010 12:30	100390	131.7
4844557.473	572508.2929	11	4/14/2010 12:30	100391	122.7
4844558.034	572508.8239	11	4/14/2010 12:30	100392	143.9
4844557.119	572510.4442	11	4/14/2010 12:30	100393	133.4
4844557.125	572510.9812	11	4/14/2010 12:30	100394	122.2
4844558.456	572512.8461	11	4/14/2010 12:30	100395	120.8
4844558.642	572513.6484	11	4/14/2010 12:30	100396	107.5
4844560.153	572516.7183	11	4/14/2010 12:30	100397	120.4
4844558.875	572517.6719	11	4/14/2010 12:30	100398	130
4844559.07	572519.2801	11	4/14/2010 12:30	100399	110.5
4844559.083	572520.487	11	4/14/2010 12:30	100400	117.2
4844559.284	572520.6193	11	4/14/2010 12:30	100401	111.5
4844558.731	572521.8339	11	4/14/2010 12:30	100402	118.1
4844558.756	572524.1147	11	4/14/2010 12:30	100403	118.8
4844558.763	572524.7854	11	4/14/2010 12:30	100404	40.22
4844558.953	572524.9178	11	4/14/2010 12:30	100405	121.1
4844559.899	572527.0541	11	4/14/2010 12:30	100406	124.2
4844558.629	572528.8128	11	4/14/2010 12:30	100407	140.3
4844557.16	572530.5736	11	4/14/2010 12:30	100408	133.7
4844558.276	572531.0985	11	4/14/2010 12:30	100409	126.7
4844557.736	572532.4459	11	4/14/2010 12:30	100410	119.6
4844558.49	572533.3773	11	4/14/2010 12:30	100411	107.5
4844557.202	572534.4646	11	4/14/2010 12:30	100412	108.9
4844557.591	572536.4742	11	4/14/2010 12:30	100413	102.9
4844556.313	572537.427	11	4/14/2010 12:30	100414	114.7
4844556.326	572538.6346	11	4/14/2010 12:30	100415	120.7
4844555.773	572538.9087	11	4/14/2010 12:30	100416	118.3
4844557.634	572540.4997	11	4/14/2010 12:30	100417	120.3
4844556.368	572542.5256	11	4/14/2010 12:30	100418	120.4
4844556.563	572543.0606	11	4/14/2010 12:30	100419	118.8
4844555.463	572545.0855	11	4/14/2010 12:30	100420	119.3
4844555.108	572546.1627	11	4/14/2010 12:30	100421	109.2
4844555.881	572548.838	11	4/14/2010 12:30	100422	127.7
4844556.069	572549.7756	11	4/14/2010 12:30	100423	116.6
4844555.899	572550.449	11	4/14/2010 12:30	100424	111.3
4844556.271	572550.9812	11	4/14/2010 12:30	100425	110.4
4844555.719	572551.2554	11	4/14/2010 12:30	100426	101.5
4844553.711	572553.5591	11	4/14/2010 12:30	100427	113.9
4844554.098	572555.4334	11	4/14/2010 12:30	100428	108.2
4844553.002	572556.7876	11	4/14/2010 12:30	100429	101.5
4844552.477	572559.6115	11	4/14/2010 12:30	100430	95.9
4844555.631	572560.5169	11	4/14/2010 12:30	100431	110.5
4844555.632	572560.6505	11	4/14/2010 12:30	100432	109.4
4844556.193	572561.1815	11	4/14/2010 12:30	100433	114.9
4844556.201	572561.8529	11	4/14/2010 12:30	100434	114.2
4844555.837	572562.125	11	4/14/2010 12:30	100435	118.5
4844556.228	572564.4018	11	4/14/2010 12:31	100436	128.3
4844555.308	572564.5463	11	4/14/2010 12:31	100437	112.2
4844555.513	572566.02	11	4/14/2010 12:31	100438	118
4844555.721	572568.8359	11	4/14/2010 12:31	100439	87.1
4844555.74	572570.5798	11	4/14/2010 12:31	100440	86.8
4844555.577	572571.9238	11	4/14/2010 12:31	100441	94.2
4844554.285	572572.6094	11	4/14/2010 12:31	100442	112.7
4844555.054	572574.8821	11	4/14/2010 12:31	100443	133.3
4844555.431	572575.8177	11	4/14/2010 12:31	100444	159
4844555.254	572576.8929	11	4/14/2010 12:31	100445	159
4844549.347	572578.165	11	4/14/2010 12:31	100446	152.8
4844549.894	572577.3539	11	4/14/2010 12:31	100447	142.9
4844548.42	572578.7114	11	4/14/2010 12:31	100448	144.1
4844548.07	572579.2522	11	4/14/2010 12:31	100449	149.3
4844546.982	572581.2779	11	4/14/2010 12:31	100450	159
4844547.148	572580.2019	11	4/14/2010 12:31	100451	100.4
4844546.608	572581.6845	11	4/14/2010 12:31	100452	157.9
4844546.257	572583.0298	11	4/14/2010 12:31	100453	159
4844544.963	572583.5809	11	4/14/2010 12:31	100454	159
4844545.717	572584.5116	11	4/14/2010 12:31	100455	159
4844544.612	572585.0607	11	4/14/2010 12:31	100456	159
4844545.187	572586.7993	11	4/14/2010 12:31	100457	145.1
4844543.354	572588.8322	11	4/14/2010 12:31	100458	159
4844541.692	572589.2529	11	4/14/2010 12:31	100459	147.8
4844541.336	572590.1964	11	4/14/2010 12:31	100460	146.8
4844541.713	572591.1312	11	4/14/2010 12:31	100461	147.9
4844541.163	572591.6742	11	4/14/2010 12:31	100462	142.6
4844542.29	572593.1379	11	4/14/2010 12:31	100463	131.5
4844540.999	572593.9571	11	4/14/2010 12:31	100464	120.7
4844539.72	572594.7763	11	4/14/2010 12:31	100465	122.9
4844538.234	572595.0614	11	4/14/2010 12:31	100466	125.3
4844538.249	572596.4027	11	4/14/2010 12:31	100467	127.5
4844537.725	572598.2869	11	4/14/2010 12:31	100468	125
4844536.801	572599.1021	11	4/14/2010 12:31	100469	125.2
4844536.082	572601.3911	11	4/14/2010 12:31	100470	121.2
4844535.911	572602.0645	11	4/14/2010 12:31	100471	132.1
4844535.368	572603.1445	11	4/14/2010 12:31	100472	120.9
4844534.826	572604.3582	11	4/14/2010 12:31	100473	121.9
4844534.659	572606.3722	11	4/14/2010 12:31	100474	107.5
4844534.117	572607.5859	11	4/14/2010 12:31	100475	122.5
4844532.833	572608.0025	11	4/14/2010 12:31	100476	116.6
4844533.771	572609.469	11	4/14/2010 12:31	100477	115.4
4844533.595	572610.6787	11	4/14/2010 12:31	100478	116.4
4844533.062	572612.6967	11	4/14/2010 12:31	100479	113
4844533.255	572614.1713	11	4/14/2010 12:31	100480	117.3
4844532.727	572615.653	11	4/14/2010 12:31	100481	120.7
4844532.345	572615.2546	11	4/14/2010 12:31	100482	124.6
4844532.557	572617.3997	11	4/14/2010 12:31	100483	111.9
4844533.312	572619.4045	11	4/14/2010 12:31	100484	123.9
4844532.399	572620.2188	11	4/14/2010 12:31	100485	123.3
4844531.482	572620.6322	11	4/14/2010 12:31	100486	131.1
4844530.383	572621.7175	11	4/14/2010 12:31	100487	123
4844530.582	572622.655	11	4/14/2010 12:31	100488	121
4844530.954	572623.188	11	4/14/2010 12:31	100489	133.3
4844532.628	572623.8405	11	4/14/2010 12:31	100490	121.1
4844533.011	572624.3734	11	4/14/2010 12:31	100491	114.7
4844532.831	572625.1806	11	4/14/2010 12:31	100492	112.4
4844532.655	572626.3895	11	4/14/2010 12:31	100493	103.6
4844532.685	572629.0737	11	4/14/2010 12:31	100494	98.2
4844532.502	572629.6119	11	4/14/2010 12:31	100495	99.2
4844532.336	572630.6879	11	4/14/2010 12:31	100496	92.1
4844531.618	572633.1113	11	4/14/2010 12:31	100497	80.5
4844532.548	572633.9055	11	4/14/2010 12:31	100498	95.4
4844532.382	572634.9815	11	4/14/2010 12:31	100499	100.8
4844532.58	572636.8586	11	4/14/2010 12:31	100500	106.1
4844531.294	572637.0071	11	4/14/2010 12:31	100501	97
4844531.871	572639.0138	11	4/14/2010 12:31	100502	110.9
4844530.589	572640.6374	11	4/14/2010 12:31	100503	107.5
4844529.493	572641.9916	11	4/14/2010 12:31	100504	108.8
4844529.876	572643.4633	11	4/14/2010 12:31	100505	110.4
4844529.896	572645.3424	11	4/14/2010 12:31	100506	116.2
4844529.729	572646.2831	11	4/14/2010 12:31	100507	101.9
4844529.749	572648.1614	11	4/14/2010 12:31	100508	119.6
4844529.758	572648.9665	11	4/14/2010 12:31	100509	117.2
4844529.393	572650.1791	11	4/14/2010 12:31	100510	108
4844528.111	572650.7293	11	4/14/2010 12:31	100511	107
4844527.577	572652.7481	11	4/14/2010 12:32	100512	90.2
4844527.591	572653.9566	11	4/14/2010 12:32	100513	110.9
4844527.05	572655.3039	11	4/14/2010 12:32	100514	106.9
4844527.063	572656.5108	11	4/14/2010 12:32	100515	109.2
4844525.966	572657.7313	11	4/14/2010 12:32	100516	115.9
4844526.914	572660.1366	11	4/14/2010 12:32	100517	123
4844527.857	572662.1393	11	4/14/2010 12:32	100518	122.5
4844526.395	572663.4975	11	4/14/2010 12:32	100519	120.4
4844525.117	572665.5236	11	4/14/2010 12:32	100520	121.2
4844526.056	572666.0504	11	4/14/2010 12:32	100521	122
4844524.943	572666.8686	11	4/14/2010 12:32	100522	123.9
4844525.882	572667.3946	11	4/14/2010 12:32	100523	123.1
4844525.317	572666.4611	11	4/14/2010 12:32	100524	133.2
4844525.317	572666.4611	11	4/14/2010 12:32	100525	134.6
4844525.511	572666.996	11	4/14/2010 12:32	100526	138.6
4844524.404	572668.3504	11	4/14/2010 12:32	100527	133.8
4844524.974	572669.6856	11	4/14/2010 12:32	100528	143.2
4844522.587	572670.785	11	4/14/2010 12:32	100529	143.3
4844520.934	572672.0116	11	4/14/2010 12:32	100530	150.9
4844521.508	572673.7494	11	4/14/2010 12:32	100531	159
4844520.226	572675.3745	11	4/14/2010 12:32	100532	156.2
4844519.508	572676.7238	11	4/14/2010 12:32	100533	154.6
4844519.158	572678.2036	11	4/14/2010 12:32	100534	155.9
4844519.726	572679.4052	11	4/14/2010 12:32	100535	143.9
4844518.59	572678.0761	11	4/14/2010 12:32	100536	151.2
4844518.418	572678.6142	11	4/14/2010 12:32	100537	152.9
4844518.44	572680.6278	11	4/14/2010 12:32	100538	141
4844518.827	572682.5021	11	4/14/2010 12:32	100539	157.3
4844518.85	572684.6485	11	4/14/2010 12:32	100540	162.3
4844519.798	572685.9804	11	4/14/2010 12:32	100541	177.2
4844519.068	572687.3307	11	4/14/2010 12:32	100542	181.2
4844518.704	572688.5424	11	4/14/2010 12:32	100543	182.2
4844517.238	572689.6317	11	4/14/2010 12:32	100544	190.8
4844516.895	572691.7829	11	4/14/2010 12:32	100545	191
4844517.273	572692.8521	11	4/14/2010 12:32	100546	156.7
4844515.437	572693.5429	11	4/14/2010 12:32	100547	158.8
4844514.506	572693.6875	11	4/14/2010 12:32	100548	131.1
4844514.519	572694.8952	11	4/14/2010 12:32	100549	150.6
4844514.905	572695.697	11	4/14/2010 12:32	100550	147.6
4844514.741	572697.9791	11	4/14/2010 12:32	100551	143.7
4844512.717	572699.746	11	4/14/2010 12:32	100552	130.9
4844512.724	572700.4174	11	4/14/2010 12:32	100553	147.9
4844511.625	572701.502	11	4/14/2010 12:32	100554	128.1
4844511.272	572702.7144	11	4/14/2010 12:32	100555	142
4844510.906	572703.7925	11	4/14/2010 12:32	100556	145.9
4844510.92	572705.1338	11	4/14/2010 12:32	100557	148.6
4844510.01	572706.2171	11	4/14/2010 12:32	100558	155.4
4844511.133	572707.2782	11	4/14/2010 12:32	100559	150.5
4844510.04	572708.9013	11	4/14/2010 12:32	100560	149.7
4844508.751	572708.9153	11	4/14/2010 12:32	100561	155.4
4844508.202	572709.4576	11	4/14/2010 12:32	100562	151
4844508.393	572710.6633	11	4/14/2010 12:32	100563	151.3
4844508.224	572711.4695	11	4/14/2010 12:32	100564	133.7
4844508.977	572713.3407	11	4/14/2010 12:32	100565	160.5
4844507.324	572714.5665	11	4/14/2010 12:32	100566	168.3
4844507.715	572715.77	11	4/14/2010 12:32	100567	166
4844507.354	572717.2507	11	4/14/2010 12:32	100568	166.3
4844507.922	572718.4515	11	4/14/2010 12:32	100569	167.2
4844506.643	572719.2715	11	4/14/2010 12:32	100570	152.4
4844506.464	572720.2123	11	4/14/2010 12:32	100571	157.5
4844504.986	572721.168	11	4/14/2010 12:32	100572	145.6
4844503.701	572721.4502	11	4/14/2010 12:32	100573	140.7
4844503.365	572724.2721	11	4/14/2010 12:32	100574	117.2
4844503.565	572726.2829	11	4/14/2010 12:32	100575	133.8
4844503.565	572726.2829	11	4/14/2010 12:32	100576	143.7
4844502.466	572727.369	11	4/14/2010 12:32	100577	135.3
4844502.472	572727.906	11	4/14/2010 12:32	100578	139.7
4844502.314	572729.7862	11	4/14/2010 12:32	100579	139.7
4844503.063	572731.254	11	4/14/2010 12:32	100580	141.1
4844501.41	572731.4065	11	4/14/2010 12:32	100581	144.5
4844499.926	572731.8253	11	4/14/2010 12:32	100582	139
4844499.368	572731.5632	11	4/14/2010 12:32	100583	140.6
4844499.944	572733.4347	11	4/14/2010 12:33	100584	149.1
4844498.647	572733.7178	11	4/14/2010 12:33	100585	144.8
4844497.744	572734.3984	11	4/14/2010 12:33	100586	147.2
4844497.932	572735.336	11	4/14/2010 12:33	100587	109.7
4844497.41	572738.428	11	4/14/2010 12:33	100588	139.9
4844498.149	572738.957	11	4/14/2010 12:33	100589	141.8
4844497.233	572739.5041	11	4/14/2010 12:33	100590	122
4844496.686	572740.3144	11	4/14/2010 12:33	100591	130.4
4844496.15	572742.0651	11	4/14/2010 12:33	100592	135.7
4844495.966	572742.4698	11	4/14/2010 12:33	100593	128.8
4844496.722	572743.5356	11	4/14/2010 12:33	100594	105
4844497.845	572743.6571	11	4/14/2010 12:33	100595	143.6
4844496.913	572744.7414	11	4/14/2010 12:33	100596	145.3
4844496.565	572746.4892	11	4/14/2010 12:33	100597	126.7
4844496.943	572747.5584	11	4/14/2010 12:33	100598	150.5
4844496.788	572749.5739	11	4/14/2010 12:33	100599	148.6
4844495.85	572749.1816	11	4/14/2010 12:33	100600	113.2
4844495.677	572749.586	11	4/14/2010 12:33	100601	148.5
4844496.244	572750.6532	11	4/14/2010 12:33	100602	131.3
4844496.463	572753.469	11	4/14/2010 12:33	100603	152.8
4844495.559	572755.0893	11	4/14/2010 12:33	100604	159
4844495.382	572756.1645	11	4/14/2010 12:33	100605	147.2
4844495.392	572757.1041	11	4/14/2010 12:33	100606	124.9
4844494.846	572757.9153	11	4/14/2010 12:33	100607	106.1
4844494.869	572760.0625	11	4/14/2010 12:33	100608	136.4
4844495.07	572762.2069	11	4/14/2010 12:33	100609	124.9
4844495.274	572763.547	11	4/14/2010 12:33	100610	107.7
4844494.365	572764.7647	11	4/14/2010 12:33	100611	100.8
4844493.993	572765.305	11	4/14/2010 12:33	100612	138.6
4844493.266	572765.85	11	4/14/2010 12:33	100613	144.9
4844493.092	572767.1942	11	4/14/2010 12:33	100614	128.7
4844493.646	572767.0545	11	4/14/2010 12:33	100615	121
4844495.13	572767.709	11	4/14/2010 12:33	100616	117.7
4844494.591	572769.1909	11	4/14/2010 12:33	100617	105.4
4844494.805	572771.4697	11	4/14/2010 12:33	100618	112.7
4844495.013	572773.2123	11	4/14/2010 12:33	100619	113.8
4844496.134	572775.2122	11	4/14/2010 12:33	100620	108
4844496.147	572776.4207	11	4/14/2010 12:33	100621	97.4
4844495.237	572777.504	11	4/14/2010 12:33	100622	108.5
4844494.871	572777.508	11	4/14/2010 12:33	100623	121.2
4844494.871	572777.508	11	4/14/2010 12:33	100624	130
4844493.234	572780.2104	11	4/14/2010 12:33	100625	143.2
4844493.608	572780.877	11	4/14/2010 12:33	100626	142.6
4844492.336	572782.3668	11	4/14/2010 12:33	100627	141
4844491.424	572783.3164	11	4/14/2010 12:33	100628	115.9
4844490.319	572784.8044	11	4/14/2010 12:33	100629	142.4
4844490.702	572785.3373	11	4/14/2010 12:33	100630	150.6
4844491.451	572785.7318	11	4/14/2010 12:33	100631	155.2
4844492.372	572785.7217	11	4/14/2010 12:33	100632	147
4844489.239	572787.6344	11	4/14/2010 12:33	100633	157.1
4844488.697	572788.849	11	4/14/2010 12:33	100634	154.6
4844487.598	572789.9335	11	4/14/2010 12:33	100635	152.5
4844487.987	572791.0034	11	4/14/2010 12:33	100636	157
4844487.06	572791.5506	11	4/14/2010 12:33	100637	159
4844486.337	572792.4973	11	4/14/2010 12:33	100638	154.3
4844485.97	572793.441	11	4/14/2010 12:33	100639	159
4844486.554	572795.045	11	4/14/2010 12:33	100640	160.8
4844486.917	572795.7126	11	4/14/2010 12:33	100641	161.2
4844486.749	572796.6533	11	4/14/2010 12:33	100642	164.4
4844485.467	572798.2777	11	4/14/2010 12:33	100643	175
4844485.466	572798.1432	11	4/14/2010 12:33	100644	182.9
4844484.542	572798.9585	11	4/14/2010 12:33	100645	162
4844483.82	572798.9664	11	4/14/2010 12:33	100646	145.1
4844483.086	572799.9141	11	4/14/2010 12:33	100647	159
4844483.449	572799.642	11	4/14/2010 12:34	100648	158.1
4844483.839	572800.7111	11	4/14/2010 12:34	100649	153.3
4844482.375	572803.009	11	4/14/2010 12:34	100650	145.1
4844481.086	572803.9619	11	4/14/2010 12:34	100651	135.5
4844480.54	572804.7731	11	4/14/2010 12:34	100652	127.1
4844480.565	572807.054	11	4/14/2010 12:34	100653	127.9
4844480.205	572807.7294	11	4/14/2010 12:34	100654	131.4
4844480.397	572807.9955	11	4/14/2010 12:34	100655	118.1
4844479.665	572809.0776	11	4/14/2010 12:34	100656	134.2
4844479.695	572811.8947	11	4/14/2010 12:34	100657	137.5
4844478.965	572813.1105	11	4/14/2010 12:34	100658	147.1
4844477.665	572813.1246	11	4/14/2010 12:34	100659	149.7
4844478.595	572812.8464	11	4/14/2010 12:34	100660	150.1
4844479.348	572813.6433	11	4/14/2010 12:34	100661	152.3
4844478.053	572814.0601	11	4/14/2010 12:34	100662	158.9
4844476.96	572815.6824	11	4/14/2010 12:34	100663	158.4
4844476.039	572816.7666	11	4/14/2010 12:34	100664	164.2
4844476.052	572817.9735	11	4/14/2010 12:34	100665	165.3
4844474.957	572818.388	11	4/14/2010 12:34	100666	168
4844474.597	572820.0024	11	4/14/2010 12:34	100667	189
4844474.236	572820.5434	11	4/14/2010 12:34	100668	172.6
4844473.694	572821.7571	11	4/14/2010 12:34	100669	153.7
4844473.14	572821.8976	11	4/14/2010 12:34	100670	145.9
4844471.479	572822.3184	11	4/14/2010 12:34	100671	142.9
4844469.627	572822.6067	11	4/14/2010 12:34	100672	144.3
4844467.975	572823.967	11	4/14/2010 12:34	100673	140.5
4844467.427	572824.6437	11	4/14/2010 12:34	100674	103.1
